,train_summaries,test_summaries,trial_id,parent_study_id
0,852.9484252929688,851.9085083007812,model_20210906-170101-d11e18c1de-d1e338e206,model_20210906-170101-d11e18c1de
1,804.185302734375,804.3677978515625,model_20210906-170101-d11e18c1de-d1e338e206,model_20210906-170101-d11e18c1de
2,758.8837280273438,760.1546020507812,model_20210906-170101-d11e18c1de-d1e338e206,model_20210906-170101-d11e18c1de
3,716.7655639648438,719.0317993164062,model_20210906-170101-d11e18c1de-d1e338e206,model_20210906-170101-d11e18c1de
4,677.7026977539062,680.8638305664062,model_20210906-170101-d11e18c1de-d1e338e206,model_20210906-170101-d11e18c1de
5,641.4192504882812,645.4116821289062,model_20210906-170101-d11e18c1de-d1e338e206,model_20210906-170101-d11e18c1de
6,607.8084716796875,612.5344848632812,model_20210906-170101-d11e18c1de-d1e338e206,model_20210906-170101-d11e18c1de
7,576.7315063476562,582.0560913085938,model_20210906-170101-d11e18c1de-d1e338e206,model_20210906-170101-d11e18c1de
8,547.9556274414062,553.843505859375,model_20210906-170101-d11e18c1de-d1e338e206,model_20210906-170101-d11e18c1de
9,521.424072265625,527.7398071289062,model_20210906-170101-d11e18c1de-d1e338e206,model_20210906-170101-d11e18c1de
10,496.946044921875,503.6307067871094,model_20210906-170101-d11e18c1de-d1e338e206,model_20210906-170101-d11e18c1de
11,474.4274597167969,481.3973083496094,model_20210906-170101-d11e18c1de-d1e338e206,model_20210906-170101-d11e18c1de
12,453.69677734375,460.9017333984375,model_20210906-170101-d11e18c1de-d1e338e206,model_20210906-170101-d11e18c1de
13,434.690673828125,442.0032043457031,model_20210906-170101-d11e18c1de-d1e338e206,model_20210906-170101-d11e18c1de
14,417.2163391113281,424.63702392578125,model_20210906-170101-d11e18c1de-d1e338e206,model_20210906-170101-d11e18c1de
15,401.269287109375,408.7206115722656,model_20210906-170101-d11e18c1de-d1e338e206,model_20210906-170101-d11e18c1de
16,386.7015075683594,394.0961608886719,model_20210906-170101-d11e18c1de-d1e338e206,model_20210906-170101-d11e18c1de
17,373.3197021484375,380.65264892578125,model_20210906-170101-d11e18c1de-d1e338e206,model_20210906-170101-d11e18c1de
18,361.20330810546875,368.378173828125,model_20210906-170101-d11e18c1de-d1e338e206,model_20210906-170101-d11e18c1de
19,350.1771240234375,357.1647644042969,model_20210906-170101-d11e18c1de-d1e338e206,model_20210906-170101-d11e18c1de
20,340.2056579589844,346.949462890625,model_20210906-170101-d11e18c1de-d1e338e206,model_20210906-170101-d11e18c1de
21,331.0922546386719,337.5805358886719,model_20210906-170101-d11e18c1de-d1e338e206,model_20210906-170101-d11e18c1de
22,322.88531494140625,329.07696533203125,model_20210906-170101-d11e18c1de-d1e338e206,model_20210906-170101-d11e18c1de
23,315.4799499511719,321.3088073730469,model_20210906-170101-d11e18c1de-d1e338e206,model_20210906-170101-d11e18c1de
24,308.7509460449219,314.22650146484375,model_20210906-170101-d11e18c1de-d1e338e206,model_20210906-170101-d11e18c1de
25,302.7644958496094,307.8746643066406,model_20210906-170101-d11e18c1de-d1e338e206,model_20210906-170101-d11e18c1de
26,297.36810302734375,302.0932312011719,model_20210906-170101-d11e18c1de-d1e338e206,model_20210906-170101-d11e18c1de
27,292.4454345703125,296.8027648925781,model_20210906-170101-d11e18c1de-d1e338e206,model_20210906-170101-d11e18c1de
28,287.9947509765625,291.9693908691406,model_20210906-170101-d11e18c1de-d1e338e206,model_20210906-170101-d11e18c1de
29,283.9931640625,287.604248046875,model_20210906-170101-d11e18c1de-d1e338e206,model_20210906-170101-d11e18c1de
30,280.3644104003906,283.6114807128906,model_20210906-170101-d11e18c1de-d1e338e206,model_20210906-170101-d11e18c1de
31,277.11285400390625,279.993408203125,model_20210906-170101-d11e18c1de-d1e338e206,model_20210906-170101-d11e18c1de
32,274.23370361328125,276.7436828613281,model_20210906-170101-d11e18c1de-d1e338e206,model_20210906-170101-d11e18c1de
33,271.5546875,273.7410888671875,model_20210906-170101-d11e18c1de-d1e338e206,model_20210906-170101-d11e18c1de
34,269.21917724609375,271.0625,model_20210906-170101-d11e18c1de-d1e338e206,model_20210906-170101-d11e18c1de
35,267.1178894042969,268.6271667480469,model_20210906-170101-d11e18c1de-d1e338e206,model_20210906-170101-d11e18c1de
36,265.1687927246094,266.3646240234375,model_20210906-170101-d11e18c1de-d1e338e206,model_20210906-170101-d11e18c1de
37,263.4529724121094,264.35198974609375,model_20210906-170101-d11e18c1de-d1e338e206,model_20210906-170101-d11e18c1de
38,261.91961669921875,262.5271301269531,model_20210906-170101-d11e18c1de-d1e338e206,model_20210906-170101-d11e18c1de
39,260.5101013183594,260.858642578125,model_20210906-170101-d11e18c1de-d1e338e206,model_20210906-170101-d11e18c1de
40,259.1943664550781,259.3074645996094,model_20210906-170101-d11e18c1de-d1e338e206,model_20210906-170101-d11e18c1de
41,258.0149230957031,257.8933410644531,model_20210906-170101-d11e18c1de-d1e338e206,model_20210906-170101-d11e18c1de
42,256.9803771972656,256.60955810546875,model_20210906-170101-d11e18c1de-d1e338e206,model_20210906-170101-d11e18c1de
43,256.0439453125,255.4641571044922,model_20210906-170101-d11e18c1de-d1e338e206,model_20210906-170101-d11e18c1de
44,255.11134338378906,254.324951171875,model_20210906-170101-d11e18c1de-d1e338e206,model_20210906-170101-d11e18c1de
45,254.3006134033203,253.34251403808594,model_20210906-170101-d11e18c1de-d1e338e206,model_20210906-170101-d11e18c1de
46,253.55137634277344,252.4080047607422,model_20210906-170101-d11e18c1de-d1e338e206,model_20210906-170101-d11e18c1de
47,252.82252502441406,251.55178833007812,model_20210906-170101-d11e18c1de-d1e338e206,model_20210906-170101-d11e18c1de
48,252.16995239257812,250.77511596679688,model_20210906-170101-d11e18c1de-d1e338e206,model_20210906-170101-d11e18c1de
49,251.52764892578125,250.01622009277344,model_20210906-170101-d11e18c1de-d1e338e206,model_20210906-170101-d11e18c1de
50,250.9998016357422,249.36451721191406,model_20210906-170101-d11e18c1de-d1e338e206,model_20210906-170101-d11e18c1de
51,250.48971557617188,248.74139404296875,model_20210906-170101-d11e18c1de-d1e338e206,model_20210906-170101-d11e18c1de
52,250.00949096679688,248.18251037597656,model_20210906-170101-d11e18c1de-d1e338e206,model_20210906-170101-d11e18c1de
53,249.6352081298828,247.68408203125,model_20210906-170101-d11e18c1de-d1e338e206,model_20210906-170101-d11e18c1de
54,249.26638793945312,247.21644592285156,model_20210906-170101-d11e18c1de-d1e338e206,model_20210906-170101-d11e18c1de
55,248.88470458984375,246.78298950195312,model_20210906-170101-d11e18c1de-d1e338e206,model_20210906-170101-d11e18c1de
56,248.51695251464844,246.3636016845703,model_20210906-170101-d11e18c1de-d1e338e206,model_20210906-170101-d11e18c1de
57,248.17062377929688,245.98329162597656,model_20210906-170101-d11e18c1de-d1e338e206,model_20210906-170101-d11e18c1de
58,247.84971618652344,245.59136962890625,model_20210906-170101-d11e18c1de-d1e338e206,model_20210906-170101-d11e18c1de
59,247.49200439453125,245.22390747070312,model_20210906-170101-d11e18c1de-d1e338e206,model_20210906-170101-d11e18c1de
60,247.18479919433594,244.88925170898438,model_20210906-170101-d11e18c1de-d1e338e206,model_20210906-170101-d11e18c1de
61,246.86068725585938,244.5485382080078,model_20210906-170101-d11e18c1de-d1e338e206,model_20210906-170101-d11e18c1de
62,246.6310577392578,244.27291870117188,model_20210906-170101-d11e18c1de-d1e338e206,model_20210906-170101-d11e18c1de
63,246.39193725585938,243.9840087890625,model_20210906-170101-d11e18c1de-d1e338e206,model_20210906-170101-d11e18c1de
64,246.11752319335938,243.73426818847656,model_20210906-170101-d11e18c1de-d1e338e206,model_20210906-170101-d11e18c1de
65,245.88919067382812,243.46498107910156,model_20210906-170101-d11e18c1de-d1e338e206,model_20210906-170101-d11e18c1de
66,245.67237854003906,243.2251739501953,model_20210906-170101-d11e18c1de-d1e338e206,model_20210906-170101-d11e18c1de
67,245.42478942871094,242.95912170410156,model_20210906-170101-d11e18c1de-d1e338e206,model_20210906-170101-d11e18c1de
68,245.1632080078125,242.7130126953125,model_20210906-170101-d11e18c1de-d1e338e206,model_20210906-170101-d11e18c1de
69,244.97300720214844,242.52890014648438,model_20210906-170101-d11e18c1de-d1e338e206,model_20210906-170101-d11e18c1de
70,244.7408447265625,242.306396484375,model_20210906-170101-d11e18c1de-d1e338e206,model_20210906-170101-d11e18c1de
71,244.53880310058594,242.119873046875,model_20210906-170101-d11e18c1de-d1e338e206,model_20210906-170101-d11e18c1de
72,244.314453125,241.9181671142578,model_20210906-170101-d11e18c1de-d1e338e206,model_20210906-170101-d11e18c1de
73,244.05894470214844,241.73941040039062,model_20210906-170101-d11e18c1de-d1e338e206,model_20210906-170101-d11e18c1de
74,243.80519104003906,241.55809020996094,model_20210906-170101-d11e18c1de-d1e338e206,model_20210906-170101-d11e18c1de
75,243.6606903076172,241.4121856689453,model_20210906-170101-d11e18c1de-d1e338e206,model_20210906-170101-d11e18c1de
76,243.44483947753906,241.25198364257812,model_20210906-170101-d11e18c1de-d1e338e206,model_20210906-170101-d11e18c1de
77,243.22328186035156,241.0780029296875,model_20210906-170101-d11e18c1de-d1e338e206,model_20210906-170101-d11e18c1de
78,243.09275817871094,240.96163940429688,model_20210906-170101-d11e18c1de-d1e338e206,model_20210906-170101-d11e18c1de
79,242.83009338378906,240.782470703125,model_20210906-170101-d11e18c1de-d1e338e206,model_20210906-170101-d11e18c1de
80,242.66896057128906,240.671630859375,model_20210906-170101-d11e18c1de-d1e338e206,model_20210906-170101-d11e18c1de
81,242.4776611328125,240.5275115966797,model_20210906-170101-d11e18c1de-d1e338e206,model_20210906-170101-d11e18c1de
82,242.3199005126953,240.38699340820312,model_20210906-170101-d11e18c1de-d1e338e206,model_20210906-170101-d11e18c1de
83,242.20919799804688,240.2904815673828,model_20210906-170101-d11e18c1de-d1e338e206,model_20210906-170101-d11e18c1de
84,242.0289306640625,240.17112731933594,model_20210906-170101-d11e18c1de-d1e338e206,model_20210906-170101-d11e18c1de
85,241.845458984375,240.0187225341797,model_20210906-170101-d11e18c1de-d1e338e206,model_20210906-170101-d11e18c1de
86,241.6434326171875,239.8598175048828,model_20210906-170101-d11e18c1de-d1e338e206,model_20210906-170101-d11e18c1de
87,241.49203491210938,239.7562713623047,model_20210906-170101-d11e18c1de-d1e338e206,model_20210906-170101-d11e18c1de
88,241.40086364746094,239.68699645996094,model_20210906-170101-d11e18c1de-d1e338e206,model_20210906-170101-d11e18c1de
89,241.2410430908203,239.5598602294922,model_20210906-170101-d11e18c1de-d1e338e206,model_20210906-170101-d11e18c1de
90,241.14671325683594,239.48907470703125,model_20210906-170101-d11e18c1de-d1e338e206,model_20210906-170101-d11e18c1de
91,240.95362854003906,239.40158081054688,model_20210906-170101-d11e18c1de-d1e338e206,model_20210906-170101-d11e18c1de
92,240.82945251464844,239.33062744140625,model_20210906-170101-d11e18c1de-d1e338e206,model_20210906-170101-d11e18c1de
93,240.70323181152344,239.2451171875,model_20210906-170101-d11e18c1de-d1e338e206,model_20210906-170101-d11e18c1de
94,240.57232666015625,239.14498901367188,model_20210906-170101-d11e18c1de-d1e338e206,model_20210906-170101-d11e18c1de
95,240.3762969970703,239.0106658935547,model_20210906-170101-d11e18c1de-d1e338e206,model_20210906-170101-d11e18c1de
96,240.19837951660156,238.8873748779297,model_20210906-170101-d11e18c1de-d1e338e206,model_20210906-170101-d11e18c1de
97,240.11953735351562,238.8338623046875,model_20210906-170101-d11e18c1de-d1e338e206,model_20210906-170101-d11e18c1de
98,240.04457092285156,238.785400390625,model_20210906-170101-d11e18c1de-d1e338e206,model_20210906-170101-d11e18c1de
99,239.9144744873047,238.69070434570312,model_20210906-170101-d11e18c1de-d1e338e206,model_20210906-170101-d11e18c1de
100,239.7701416015625,238.62013244628906,model_20210906-170101-d11e18c1de-d1e338e206,model_20210906-170101-d11e18c1de
101,239.70042419433594,238.57659912109375,model_20210906-170101-d11e18c1de-d1e338e206,model_20210906-170101-d11e18c1de
102,239.59237670898438,238.52024841308594,model_20210906-170101-d11e18c1de-d1e338e206,model_20210906-170101-d11e18c1de
103,239.52175903320312,238.4830780029297,model_20210906-170101-d11e18c1de-d1e338e206,model_20210906-170101-d11e18c1de
104,239.40487670898438,238.41212463378906,model_20210906-170101-d11e18c1de-d1e338e206,model_20210906-170101-d11e18c1de
105,239.23532104492188,238.28475952148438,model_20210906-170101-d11e18c1de-d1e338e206,model_20210906-170101-d11e18c1de
106,239.05767822265625,238.1416015625,model_20210906-170101-d11e18c1de-d1e338e206,model_20210906-170101-d11e18c1de
107,238.8466796875,238.02748107910156,model_20210906-170101-d11e18c1de-d1e338e206,model_20210906-170101-d11e18c1de
108,238.74623107910156,237.97564697265625,model_20210906-170101-d11e18c1de-d1e338e206,model_20210906-170101-d11e18c1de
109,238.60687255859375,237.91036987304688,model_20210906-170101-d11e18c1de-d1e338e206,model_20210906-170101-d11e18c1de
110,238.54042053222656,237.8676300048828,model_20210906-170101-d11e18c1de-d1e338e206,model_20210906-170101-d11e18c1de
111,238.48748779296875,237.84165954589844,model_20210906-170101-d11e18c1de-d1e338e206,model_20210906-170101-d11e18c1de
112,238.3153839111328,237.73056030273438,model_20210906-170101-d11e18c1de-d1e338e206,model_20210906-170101-d11e18c1de
113,238.1735076904297,237.64566040039062,model_20210906-170101-d11e18c1de-d1e338e206,model_20210906-170101-d11e18c1de
114,238.10733032226562,237.61538696289062,model_20210906-170101-d11e18c1de-d1e338e206,model_20210906-170101-d11e18c1de
115,237.9755096435547,237.5323486328125,model_20210906-170101-d11e18c1de-d1e338e206,model_20210906-170101-d11e18c1de
116,237.91310119628906,237.5046844482422,model_20210906-170101-d11e18c1de-d1e338e206,model_20210906-170101-d11e18c1de
117,237.72227478027344,237.36813354492188,model_20210906-170101-d11e18c1de-d1e338e206,model_20210906-170101-d11e18c1de
118,237.56793212890625,237.2707061767578,model_20210906-170101-d11e18c1de-d1e338e206,model_20210906-170101-d11e18c1de
119,237.48837280273438,237.22950744628906,model_20210906-170101-d11e18c1de-d1e338e206,model_20210906-170101-d11e18c1de
120,237.42327880859375,237.19085693359375,model_20210906-170101-d11e18c1de-d1e338e206,model_20210906-170101-d11e18c1de
121,237.2626953125,237.08047485351562,model_20210906-170101-d11e18c1de-d1e338e206,model_20210906-170101-d11e18c1de
122,237.15103149414062,237.00938415527344,model_20210906-170101-d11e18c1de-d1e338e206,model_20210906-170101-d11e18c1de
123,237.0824737548828,236.97384643554688,model_20210906-170101-d11e18c1de-d1e338e206,model_20210906-170101-d11e18c1de
124,236.9483184814453,236.8890380859375,model_20210906-170101-d11e18c1de-d1e338e206,model_20210906-170101-d11e18c1de
125,236.88641357421875,236.86160278320312,model_20210906-170101-d11e18c1de-d1e338e206,model_20210906-170101-d11e18c1de
126,236.8157958984375,236.82101440429688,model_20210906-170101-d11e18c1de-d1e338e206,model_20210906-170101-d11e18c1de
127,236.752685546875,236.7881317138672,model_20210906-170101-d11e18c1de-d1e338e206,model_20210906-170101-d11e18c1de
128,236.47984313964844,236.64024353027344,model_20210906-170101-d11e18c1de-d1e338e206,model_20210906-170101-d11e18c1de
129,236.32095336914062,236.5386199951172,model_20210906-170101-d11e18c1de-d1e338e206,model_20210906-170101-d11e18c1de
130,236.26438903808594,236.50875854492188,model_20210906-170101-d11e18c1de-d1e338e206,model_20210906-170101-d11e18c1de
131,236.00868225097656,236.37571716308594,model_20210906-170101-d11e18c1de-d1e338e206,model_20210906-170101-d11e18c1de
132,235.93287658691406,236.3426055908203,model_20210906-170101-d11e18c1de-d1e338e206,model_20210906-170101-d11e18c1de
133,235.8787078857422,236.31634521484375,model_20210906-170101-d11e18c1de-d1e338e206,model_20210906-170101-d11e18c1de
134,235.75100708007812,236.2544708251953,model_20210906-170101-d11e18c1de-d1e338e206,model_20210906-170101-d11e18c1de
135,235.70675659179688,236.23069763183594,model_20210906-170101-d11e18c1de-d1e338e206,model_20210906-170101-d11e18c1de
136,235.5466766357422,236.14247131347656,model_20210906-170101-d11e18c1de-d1e338e206,model_20210906-170101-d11e18c1de
137,235.48060607910156,236.1092529296875,model_20210906-170101-d11e18c1de-d1e338e206,model_20210906-170101-d11e18c1de
138,235.41302490234375,236.0793914794922,model_20210906-170101-d11e18c1de-d1e338e206,model_20210906-170101-d11e18c1de
139,235.3700408935547,236.05966186523438,model_20210906-170101-d11e18c1de-d1e338e206,model_20210906-170101-d11e18c1de
140,235.3213348388672,236.0388946533203,model_20210906-170101-d11e18c1de-d1e338e206,model_20210906-170101-d11e18c1de
141,235.2725067138672,236.0113525390625,model_20210906-170101-d11e18c1de-d1e338e206,model_20210906-170101-d11e18c1de
142,235.052978515625,235.89625549316406,model_20210906-170101-d11e18c1de-d1e338e206,model_20210906-170101-d11e18c1de
143,234.9272918701172,235.83517456054688,model_20210906-170101-d11e18c1de-d1e338e206,model_20210906-170101-d11e18c1de
144,234.7875518798828,235.7589569091797,model_20210906-170101-d11e18c1de-d1e338e206,model_20210906-170101-d11e18c1de
145,234.66455078125,235.7227325439453,model_20210906-170101-d11e18c1de-d1e338e206,model_20210906-170101-d11e18c1de
146,234.6045379638672,235.6909942626953,model_20210906-170101-d11e18c1de-d1e338e206,model_20210906-170101-d11e18c1de
147,234.5538330078125,235.6688690185547,model_20210906-170101-d11e18c1de-d1e338e206,model_20210906-170101-d11e18c1de
148,234.49594116210938,235.6363067626953,model_20210906-170101-d11e18c1de-d1e338e206,model_20210906-170101-d11e18c1de
149,234.43222045898438,235.6210174560547,model_20210906-170101-d11e18c1de-d1e338e206,model_20210906-170101-d11e18c1de
150,234.3788604736328,235.600341796875,model_20210906-170101-d11e18c1de-d1e338e206,model_20210906-170101-d11e18c1de
151,234.34739685058594,235.58633422851562,model_20210906-170101-d11e18c1de-d1e338e206,model_20210906-170101-d11e18c1de
152,234.17703247070312,235.5004119873047,model_20210906-170101-d11e18c1de-d1e338e206,model_20210906-170101-d11e18c1de
153,234.12527465820312,235.4721221923828,model_20210906-170101-d11e18c1de-d1e338e206,model_20210906-170101-d11e18c1de
154,234.0033416748047,235.41273498535156,model_20210906-170101-d11e18c1de-d1e338e206,model_20210906-170101-d11e18c1de
155,233.8794403076172,235.3563690185547,model_20210906-170101-d11e18c1de-d1e338e206,model_20210906-170101-d11e18c1de
156,233.827392578125,235.3304901123047,model_20210906-170101-d11e18c1de-d1e338e206,model_20210906-170101-d11e18c1de
157,233.77435302734375,235.30979919433594,model_20210906-170101-d11e18c1de-d1e338e206,model_20210906-170101-d11e18c1de
158,233.7286834716797,235.2903289794922,model_20210906-170101-d11e18c1de-d1e338e206,model_20210906-170101-d11e18c1de
159,233.6671905517578,235.2652130126953,model_20210906-170101-d11e18c1de-d1e338e206,model_20210906-170101-d11e18c1de
160,233.50814819335938,235.18321228027344,model_20210906-170101-d11e18c1de-d1e338e206,model_20210906-170101-d11e18c1de
161,233.47084045410156,235.16632080078125,model_20210906-170101-d11e18c1de-d1e338e206,model_20210906-170101-d11e18c1de
162,233.36001586914062,235.12564086914062,model_20210906-170101-d11e18c1de-d1e338e206,model_20210906-170101-d11e18c1de
163,233.27662658691406,235.0870361328125,model_20210906-170101-d11e18c1de-d1e338e206,model_20210906-170101-d11e18c1de
164,233.22288513183594,235.06439208984375,model_20210906-170101-d11e18c1de-d1e338e206,model_20210906-170101-d11e18c1de
165,233.188720703125,235.04425048828125,model_20210906-170101-d11e18c1de-d1e338e206,model_20210906-170101-d11e18c1de
166,233.12876892089844,235.0179443359375,model_20210906-170101-d11e18c1de-d1e338e206,model_20210906-170101-d11e18c1de
167,233.0805206298828,234.9959259033203,model_20210906-170101-d11e18c1de-d1e338e206,model_20210906-170101-d11e18c1de
168,232.99661254882812,234.96395874023438,model_20210906-170101-d11e18c1de-d1e338e206,model_20210906-170101-d11e18c1de
169,232.9415740966797,234.93711853027344,model_20210906-170101-d11e18c1de-d1e338e206,model_20210906-170101-d11e18c1de
170,232.8741912841797,234.90138244628906,model_20210906-170101-d11e18c1de-d1e338e206,model_20210906-170101-d11e18c1de
171,232.8337860107422,234.88856506347656,model_20210906-170101-d11e18c1de-d1e338e206,model_20210906-170101-d11e18c1de
172,232.6831817626953,234.8218231201172,model_20210906-170101-d11e18c1de-d1e338e206,model_20210906-170101-d11e18c1de
173,232.63446044921875,234.79087829589844,model_20210906-170101-d11e18c1de-d1e338e206,model_20210906-170101-d11e18c1de
174,232.5206298828125,234.7180938720703,model_20210906-170101-d11e18c1de-d1e338e206,model_20210906-170101-d11e18c1de
175,232.4669952392578,234.6916961669922,model_20210906-170101-d11e18c1de-d1e338e206,model_20210906-170101-d11e18c1de
176,232.39268493652344,234.66018676757812,model_20210906-170101-d11e18c1de-d1e338e206,model_20210906-170101-d11e18c1de
177,232.3502197265625,234.64491271972656,model_20210906-170101-d11e18c1de-d1e338e206,model_20210906-170101-d11e18c1de
178,232.30027770996094,234.62112426757812,model_20210906-170101-d11e18c1de-d1e338e206,model_20210906-170101-d11e18c1de
179,232.2286376953125,234.58445739746094,model_20210906-170101-d11e18c1de-d1e338e206,model_20210906-170101-d11e18c1de
180,232.16290283203125,234.54922485351562,model_20210906-170101-d11e18c1de-d1e338e206,model_20210906-170101-d11e18c1de
181,232.12709045410156,234.53939819335938,model_20210906-170101-d11e18c1de-d1e338e206,model_20210906-170101-d11e18c1de
182,232.02183532714844,234.5096893310547,model_20210906-170101-d11e18c1de-d1e338e206,model_20210906-170101-d11e18c1de
183,231.9264373779297,234.45175170898438,model_20210906-170101-d11e18c1de-d1e338e206,model_20210906-170101-d11e18c1de
184,231.8899383544922,234.43724060058594,model_20210906-170101-d11e18c1de-d1e338e206,model_20210906-170101-d11e18c1de
185,231.8701934814453,234.43199157714844,model_20210906-170101-d11e18c1de-d1e338e206,model_20210906-170101-d11e18c1de
186,231.75961303710938,234.36508178710938,model_20210906-170101-d11e18c1de-d1e338e206,model_20210906-170101-d11e18c1de
187,231.71336364746094,234.3441619873047,model_20210906-170101-d11e18c1de-d1e338e206,model_20210906-170101-d11e18c1de
188,231.65577697753906,234.319580078125,model_20210906-170101-d11e18c1de-d1e338e206,model_20210906-170101-d11e18c1de
189,231.60244750976562,234.29489135742188,model_20210906-170101-d11e18c1de-d1e338e206,model_20210906-170101-d11e18c1de
190,231.57798767089844,234.28216552734375,model_20210906-170101-d11e18c1de-d1e338e206,model_20210906-170101-d11e18c1de
191,231.5455322265625,234.27188110351562,model_20210906-170101-d11e18c1de-d1e338e206,model_20210906-170101-d11e18c1de
192,231.49691772460938,234.2530059814453,model_20210906-170101-d11e18c1de-d1e338e206,model_20210906-170101-d11e18c1de
193,231.4651641845703,234.23756408691406,model_20210906-170101-d11e18c1de-d1e338e206,model_20210906-170101-d11e18c1de
194,231.43338012695312,234.21902465820312,model_20210906-170101-d11e18c1de-d1e338e206,model_20210906-170101-d11e18c1de
195,231.30458068847656,234.17063903808594,model_20210906-170101-d11e18c1de-d1e338e206,model_20210906-170101-d11e18c1de
196,231.20431518554688,234.11407470703125,model_20210906-170101-d11e18c1de-d1e338e206,model_20210906-170101-d11e18c1de
197,231.1645965576172,234.1063232421875,model_20210906-170101-d11e18c1de-d1e338e206,model_20210906-170101-d11e18c1de
198,231.1237335205078,234.0868377685547,model_20210906-170101-d11e18c1de-d1e338e206,model_20210906-170101-d11e18c1de
199,231.08346557617188,234.0762939453125,model_20210906-170101-d11e18c1de-d1e338e206,model_20210906-170101-d11e18c1de
200,231.04232788085938,234.068359375,model_20210906-170101-d11e18c1de-d1e338e206,model_20210906-170101-d11e18c1de
201,230.98301696777344,234.0478057861328,model_20210906-170101-d11e18c1de-d1e338e206,model_20210906-170101-d11e18c1de
202,230.94688415527344,234.03379821777344,model_20210906-170101-d11e18c1de-d1e338e206,model_20210906-170101-d11e18c1de
203,230.818115234375,233.9792938232422,model_20210906-170101-d11e18c1de-d1e338e206,model_20210906-170101-d11e18c1de
204,230.7718963623047,233.96630859375,model_20210906-170101-d11e18c1de-d1e338e206,model_20210906-170101-d11e18c1de
205,230.73263549804688,233.9519500732422,model_20210906-170101-d11e18c1de-d1e338e206,model_20210906-170101-d11e18c1de
206,230.6487579345703,233.92526245117188,model_20210906-170101-d11e18c1de-d1e338e206,model_20210906-170101-d11e18c1de
207,230.61842346191406,233.9149169921875,model_20210906-170101-d11e18c1de-d1e338e206,model_20210906-170101-d11e18c1de
208,230.56460571289062,233.8855743408203,model_20210906-170101-d11e18c1de-d1e338e206,model_20210906-170101-d11e18c1de
209,230.5430908203125,233.8817596435547,model_20210906-170101-d11e18c1de-d1e338e206,model_20210906-170101-d11e18c1de
210,230.52139282226562,233.87440490722656,model_20210906-170101-d11e18c1de-d1e338e206,model_20210906-170101-d11e18c1de
211,230.51028442382812,233.86390686035156,model_20210906-170101-d11e18c1de-d1e338e206,model_20210906-170101-d11e18c1de
212,230.4790496826172,233.8529815673828,model_20210906-170101-d11e18c1de-d1e338e206,model_20210906-170101-d11e18c1de
213,230.44715881347656,233.84237670898438,model_20210906-170101-d11e18c1de-d1e338e206,model_20210906-170101-d11e18c1de
214,230.4226837158203,233.82363891601562,model_20210906-170101-d11e18c1de-d1e338e206,model_20210906-170101-d11e18c1de
215,230.36160278320312,233.77784729003906,model_20210906-170101-d11e18c1de-d1e338e206,model_20210906-170101-d11e18c1de
216,230.30992126464844,233.75682067871094,model_20210906-170101-d11e18c1de-d1e338e206,model_20210906-170101-d11e18c1de
217,230.29119873046875,233.74522399902344,model_20210906-170101-d11e18c1de-d1e338e206,model_20210906-170101-d11e18c1de
218,230.25625610351562,233.73207092285156,model_20210906-170101-d11e18c1de-d1e338e206,model_20210906-170101-d11e18c1de
219,230.22305297851562,233.7240753173828,model_20210906-170101-d11e18c1de-d1e338e206,model_20210906-170101-d11e18c1de
220,230.18515014648438,233.70616149902344,model_20210906-170101-d11e18c1de-d1e338e206,model_20210906-170101-d11e18c1de
221,230.1448974609375,233.6902313232422,model_20210906-170101-d11e18c1de-d1e338e206,model_20210906-170101-d11e18c1de
222,230.1134033203125,233.6813201904297,model_20210906-170101-d11e18c1de-d1e338e206,model_20210906-170101-d11e18c1de
223,230.0815887451172,233.67269897460938,model_20210906-170101-d11e18c1de-d1e338e206,model_20210906-170101-d11e18c1de
224,230.02037048339844,233.63262939453125,model_20210906-170101-d11e18c1de-d1e338e206,model_20210906-170101-d11e18c1de
225,229.98963928222656,233.62152099609375,model_20210906-170101-d11e18c1de-d1e338e206,model_20210906-170101-d11e18c1de
226,229.9129638671875,233.58128356933594,model_20210906-170101-d11e18c1de-d1e338e206,model_20210906-170101-d11e18c1de
227,229.86807250976562,233.562744140625,model_20210906-170101-d11e18c1de-d1e338e206,model_20210906-170101-d11e18c1de
228,229.83639526367188,233.54612731933594,model_20210906-170101-d11e18c1de-d1e338e206,model_20210906-170101-d11e18c1de
229,229.7708740234375,233.52728271484375,model_20210906-170101-d11e18c1de-d1e338e206,model_20210906-170101-d11e18c1de
230,229.73316955566406,233.5139617919922,model_20210906-170101-d11e18c1de-d1e338e206,model_20210906-170101-d11e18c1de
231,229.7165069580078,233.5099639892578,model_20210906-170101-d11e18c1de-d1e338e206,model_20210906-170101-d11e18c1de
232,229.67529296875,233.5020751953125,model_20210906-170101-d11e18c1de-d1e338e206,model_20210906-170101-d11e18c1de
233,229.62216186523438,233.46693420410156,model_20210906-170101-d11e18c1de-d1e338e206,model_20210906-170101-d11e18c1de
234,229.58424377441406,233.4547882080078,model_20210906-170101-d11e18c1de-d1e338e206,model_20210906-170101-d11e18c1de
235,229.5637969970703,233.44610595703125,model_20210906-170101-d11e18c1de-d1e338e206,model_20210906-170101-d11e18c1de
236,229.5342254638672,233.4383087158203,model_20210906-170101-d11e18c1de-d1e338e206,model_20210906-170101-d11e18c1de
237,229.49441528320312,233.4200439453125,model_20210906-170101-d11e18c1de-d1e338e206,model_20210906-170101-d11e18c1de
238,229.43359375,233.39266967773438,model_20210906-170101-d11e18c1de-d1e338e206,model_20210906-170101-d11e18c1de
239,229.40200805664062,233.3792724609375,model_20210906-170101-d11e18c1de-d1e338e206,model_20210906-170101-d11e18c1de
240,229.3540802001953,233.3684844970703,model_20210906-170101-d11e18c1de-d1e338e206,model_20210906-170101-d11e18c1de
241,229.27508544921875,233.35740661621094,model_20210906-170101-d11e18c1de-d1e338e206,model_20210906-170101-d11e18c1de
242,229.219482421875,233.32781982421875,model_20210906-170101-d11e18c1de-d1e338e206,model_20210906-170101-d11e18c1de
243,229.1857452392578,233.3144989013672,model_20210906-170101-d11e18c1de-d1e338e206,model_20210906-170101-d11e18c1de
244,229.16543579101562,233.30038452148438,model_20210906-170101-d11e18c1de-d1e338e206,model_20210906-170101-d11e18c1de
245,229.13201904296875,233.28758239746094,model_20210906-170101-d11e18c1de-d1e338e206,model_20210906-170101-d11e18c1de
246,229.12081909179688,233.27870178222656,model_20210906-170101-d11e18c1de-d1e338e206,model_20210906-170101-d11e18c1de
247,229.08950805664062,233.2711639404297,model_20210906-170101-d11e18c1de-d1e338e206,model_20210906-170101-d11e18c1de
248,229.05657958984375,233.25997924804688,model_20210906-170101-d11e18c1de-d1e338e206,model_20210906-170101-d11e18c1de
249,229.0118865966797,233.240966796875,model_20210906-170101-d11e18c1de-d1e338e206,model_20210906-170101-d11e18c1de
250,228.94552612304688,233.2371368408203,model_20210906-170101-d11e18c1de-d1e338e206,model_20210906-170101-d11e18c1de
251,228.9049072265625,233.22763061523438,model_20210906-170101-d11e18c1de-d1e338e206,model_20210906-170101-d11e18c1de
252,228.86924743652344,233.21522521972656,model_20210906-170101-d11e18c1de-d1e338e206,model_20210906-170101-d11e18c1de
253,228.84840393066406,233.21292114257812,model_20210906-170101-d11e18c1de-d1e338e206,model_20210906-170101-d11e18c1de
254,228.82972717285156,233.20098876953125,model_20210906-170101-d11e18c1de-d1e338e206,model_20210906-170101-d11e18c1de
255,228.80514526367188,233.1925048828125,model_20210906-170101-d11e18c1de-d1e338e206,model_20210906-170101-d11e18c1de
256,228.78907775878906,233.1824188232422,model_20210906-170101-d11e18c1de-d1e338e206,model_20210906-170101-d11e18c1de
257,228.76576232910156,233.17515563964844,model_20210906-170101-d11e18c1de-d1e338e206,model_20210906-170101-d11e18c1de
258,228.7541961669922,233.16683959960938,model_20210906-170101-d11e18c1de-d1e338e206,model_20210906-170101-d11e18c1de
259,228.69061279296875,233.1331024169922,model_20210906-170101-d11e18c1de-d1e338e206,model_20210906-170101-d11e18c1de
260,228.6256561279297,233.11094665527344,model_20210906-170101-d11e18c1de-d1e338e206,model_20210906-170101-d11e18c1de
261,228.56309509277344,233.08921813964844,model_20210906-170101-d11e18c1de-d1e338e206,model_20210906-170101-d11e18c1de
262,228.5369415283203,233.07867431640625,model_20210906-170101-d11e18c1de-d1e338e206,model_20210906-170101-d11e18c1de
263,228.5055694580078,233.0675811767578,model_20210906-170101-d11e18c1de-d1e338e206,model_20210906-170101-d11e18c1de
264,228.4642791748047,233.0528564453125,model_20210906-170101-d11e18c1de-d1e338e206,model_20210906-170101-d11e18c1de
265,228.42654418945312,233.04319763183594,model_20210906-170101-d11e18c1de-d1e338e206,model_20210906-170101-d11e18c1de
266,228.40243530273438,233.03746032714844,model_20210906-170101-d11e18c1de-d1e338e206,model_20210906-170101-d11e18c1de
267,228.36370849609375,233.02969360351562,model_20210906-170101-d11e18c1de-d1e338e206,model_20210906-170101-d11e18c1de
268,228.33193969726562,233.018798828125,model_20210906-170101-d11e18c1de-d1e338e206,model_20210906-170101-d11e18c1de
269,228.28985595703125,233.00579833984375,model_20210906-170101-d11e18c1de-d1e338e206,model_20210906-170101-d11e18c1de
270,228.2708282470703,232.99900817871094,model_20210906-170101-d11e18c1de-d1e338e206,model_20210906-170101-d11e18c1de
271,228.21942138671875,232.9850311279297,model_20210906-170101-d11e18c1de-d1e338e206,model_20210906-170101-d11e18c1de
272,228.16116333007812,232.955810546875,model_20210906-170101-d11e18c1de-d1e338e206,model_20210906-170101-d11e18c1de
273,228.12625122070312,232.94482421875,model_20210906-170101-d11e18c1de-d1e338e206,model_20210906-170101-d11e18c1de
274,228.0950164794922,232.93545532226562,model_20210906-170101-d11e18c1de-d1e338e206,model_20210906-170101-d11e18c1de
275,228.0481719970703,232.90658569335938,model_20210906-170101-d11e18c1de-d1e338e206,model_20210906-170101-d11e18c1de
276,228.02622985839844,232.89920043945312,model_20210906-170101-d11e18c1de-d1e338e206,model_20210906-170101-d11e18c1de
277,227.99667358398438,232.89283752441406,model_20210906-170101-d11e18c1de-d1e338e206,model_20210906-170101-d11e18c1de
278,227.9835662841797,232.88739013671875,model_20210906-170101-d11e18c1de-d1e338e206,model_20210906-170101-d11e18c1de
279,227.92550659179688,232.8856964111328,model_20210906-170101-d11e18c1de-d1e338e206,model_20210906-170101-d11e18c1de
280,227.84828186035156,232.84315490722656,model_20210906-170101-d11e18c1de-d1e338e206,model_20210906-170101-d11e18c1de
281,227.76039123535156,232.80613708496094,model_20210906-170101-d11e18c1de-d1e338e206,model_20210906-170101-d11e18c1de
282,227.7432403564453,232.79708862304688,model_20210906-170101-d11e18c1de-d1e338e206,model_20210906-170101-d11e18c1de
283,227.72145080566406,232.78761291503906,model_20210906-170101-d11e18c1de-d1e338e206,model_20210906-170101-d11e18c1de
284,227.65338134765625,232.75616455078125,model_20210906-170101-d11e18c1de-d1e338e206,model_20210906-170101-d11e18c1de
285,227.62413024902344,232.741455078125,model_20210906-170101-d11e18c1de-d1e338e206,model_20210906-170101-d11e18c1de
286,227.60032653808594,232.73890686035156,model_20210906-170101-d11e18c1de-d1e338e206,model_20210906-170101-d11e18c1de
287,227.57154846191406,232.73309326171875,model_20210906-170101-d11e18c1de-d1e338e206,model_20210906-170101-d11e18c1de
288,227.54953002929688,232.73086547851562,model_20210906-170101-d11e18c1de-d1e338e206,model_20210906-170101-d11e18c1de
289,227.50411987304688,232.72303771972656,model_20210906-170101-d11e18c1de-d1e338e206,model_20210906-170101-d11e18c1de
290,227.47708129882812,232.71453857421875,model_20210906-170101-d11e18c1de-d1e338e206,model_20210906-170101-d11e18c1de
291,227.4272918701172,232.6924591064453,model_20210906-170101-d11e18c1de-d1e338e206,model_20210906-170101-d11e18c1de
292,227.39181518554688,232.6859588623047,model_20210906-170101-d11e18c1de-d1e338e206,model_20210906-170101-d11e18c1de
293,227.34890747070312,232.67222595214844,model_20210906-170101-d11e18c1de-d1e338e206,model_20210906-170101-d11e18c1de
294,227.2899932861328,232.6486358642578,model_20210906-170101-d11e18c1de-d1e338e206,model_20210906-170101-d11e18c1de
295,227.2606201171875,232.64060974121094,model_20210906-170101-d11e18c1de-d1e338e206,model_20210906-170101-d11e18c1de
296,227.22288513183594,232.61529541015625,model_20210906-170101-d11e18c1de-d1e338e206,model_20210906-170101-d11e18c1de
297,227.20509338378906,232.61260986328125,model_20210906-170101-d11e18c1de-d1e338e206,model_20210906-170101-d11e18c1de
298,227.1663360595703,232.6072540283203,model_20210906-170101-d11e18c1de-d1e338e206,model_20210906-170101-d11e18c1de
299,227.13267517089844,232.59632873535156,model_20210906-170101-d11e18c1de-d1e338e206,model_20210906-170101-d11e18c1de
300,227.0740966796875,232.5641632080078,model_20210906-170101-d11e18c1de-d1e338e206,model_20210906-170101-d11e18c1de
301,227.04302978515625,232.55384826660156,model_20210906-170101-d11e18c1de-d1e338e206,model_20210906-170101-d11e18c1de
302,227.0077667236328,232.54367065429688,model_20210906-170101-d11e18c1de-d1e338e206,model_20210906-170101-d11e18c1de
303,226.9761962890625,232.53160095214844,model_20210906-170101-d11e18c1de-d1e338e206,model_20210906-170101-d11e18c1de
304,226.95242309570312,232.52655029296875,model_20210906-170101-d11e18c1de-d1e338e206,model_20210906-170101-d11e18c1de
305,226.92965698242188,232.52011108398438,model_20210906-170101-d11e18c1de-d1e338e206,model_20210906-170101-d11e18c1de
306,226.90399169921875,232.51214599609375,model_20210906-170101-d11e18c1de-d1e338e206,model_20210906-170101-d11e18c1de
307,226.86749267578125,232.49951171875,model_20210906-170101-d11e18c1de-d1e338e206,model_20210906-170101-d11e18c1de
308,226.84060668945312,232.49266052246094,model_20210906-170101-d11e18c1de-d1e338e206,model_20210906-170101-d11e18c1de
309,226.81280517578125,232.4891815185547,model_20210906-170101-d11e18c1de-d1e338e206,model_20210906-170101-d11e18c1de
310,226.7771453857422,232.4752197265625,model_20210906-170101-d11e18c1de-d1e338e206,model_20210906-170101-d11e18c1de
311,226.7469940185547,232.46484375,model_20210906-170101-d11e18c1de-d1e338e206,model_20210906-170101-d11e18c1de
312,226.73995971679688,232.46072387695312,model_20210906-170101-d11e18c1de-d1e338e206,model_20210906-170101-d11e18c1de
313,226.73529052734375,232.45709228515625,model_20210906-170101-d11e18c1de-d1e338e206,model_20210906-170101-d11e18c1de
314,226.71461486816406,232.4514617919922,model_20210906-170101-d11e18c1de-d1e338e206,model_20210906-170101-d11e18c1de
315,226.6894073486328,232.44129943847656,model_20210906-170101-d11e18c1de-d1e338e206,model_20210906-170101-d11e18c1de
316,226.62124633789062,232.4222412109375,model_20210906-170101-d11e18c1de-d1e338e206,model_20210906-170101-d11e18c1de
317,226.59619140625,232.41595458984375,model_20210906-170101-d11e18c1de-d1e338e206,model_20210906-170101-d11e18c1de
318,226.5736083984375,232.40927124023438,model_20210906-170101-d11e18c1de-d1e338e206,model_20210906-170101-d11e18c1de
319,226.5413818359375,232.3945770263672,model_20210906-170101-d11e18c1de-d1e338e206,model_20210906-170101-d11e18c1de
320,226.51930236816406,232.38491821289062,model_20210906-170101-d11e18c1de-d1e338e206,model_20210906-170101-d11e18c1de
321,226.4932861328125,232.37803649902344,model_20210906-170101-d11e18c1de-d1e338e206,model_20210906-170101-d11e18c1de
322,226.47254943847656,232.37307739257812,model_20210906-170101-d11e18c1de-d1e338e206,model_20210906-170101-d11e18c1de
323,226.42257690429688,232.3448028564453,model_20210906-170101-d11e18c1de-d1e338e206,model_20210906-170101-d11e18c1de
324,226.38697814941406,232.33505249023438,model_20210906-170101-d11e18c1de-d1e338e206,model_20210906-170101-d11e18c1de
325,226.36790466308594,232.330810546875,model_20210906-170101-d11e18c1de-d1e338e206,model_20210906-170101-d11e18c1de
326,226.3302764892578,232.32191467285156,model_20210906-170101-d11e18c1de-d1e338e206,model_20210906-170101-d11e18c1de
327,226.29946899414062,232.3076629638672,model_20210906-170101-d11e18c1de-d1e338e206,model_20210906-170101-d11e18c1de
328,226.26197814941406,232.28993225097656,model_20210906-170101-d11e18c1de-d1e338e206,model_20210906-170101-d11e18c1de
329,226.22955322265625,232.2788543701172,model_20210906-170101-d11e18c1de-d1e338e206,model_20210906-170101-d11e18c1de
330,226.19253540039062,232.25828552246094,model_20210906-170101-d11e18c1de-d1e338e206,model_20210906-170101-d11e18c1de
331,226.10867309570312,232.23086547851562,model_20210906-170101-d11e18c1de-d1e338e206,model_20210906-170101-d11e18c1de
332,226.07675170898438,232.22183227539062,model_20210906-170101-d11e18c1de-d1e338e206,model_20210906-170101-d11e18c1de
333,226.05372619628906,232.21363830566406,model_20210906-170101-d11e18c1de-d1e338e206,model_20210906-170101-d11e18c1de
334,226.04296875,232.205810546875,model_20210906-170101-d11e18c1de-d1e338e206,model_20210906-170101-d11e18c1de
335,226.033203125,232.19871520996094,model_20210906-170101-d11e18c1de-d1e338e206,model_20210906-170101-d11e18c1de
336,226.0100555419922,232.19522094726562,model_20210906-170101-d11e18c1de-d1e338e206,model_20210906-170101-d11e18c1de
337,225.99050903320312,232.1908721923828,model_20210906-170101-d11e18c1de-d1e338e206,model_20210906-170101-d11e18c1de
338,225.96925354003906,232.18336486816406,model_20210906-170101-d11e18c1de-d1e338e206,model_20210906-170101-d11e18c1de
339,225.9545440673828,232.18121337890625,model_20210906-170101-d11e18c1de-d1e338e206,model_20210906-170101-d11e18c1de
340,225.9463348388672,232.17613220214844,model_20210906-170101-d11e18c1de-d1e338e206,model_20210906-170101-d11e18c1de
341,225.91586303710938,232.16378784179688,model_20210906-170101-d11e18c1de-d1e338e206,model_20210906-170101-d11e18c1de
342,225.89340209960938,232.16104125976562,model_20210906-170101-d11e18c1de-d1e338e206,model_20210906-170101-d11e18c1de
343,225.86651611328125,232.15530395507812,model_20210906-170101-d11e18c1de-d1e338e206,model_20210906-170101-d11e18c1de
344,225.8285369873047,232.1417236328125,model_20210906-170101-d11e18c1de-d1e338e206,model_20210906-170101-d11e18c1de
345,225.8104705810547,232.13851928710938,model_20210906-170101-d11e18c1de-d1e338e206,model_20210906-170101-d11e18c1de
346,225.771728515625,232.1237335205078,model_20210906-170101-d11e18c1de-d1e338e206,model_20210906-170101-d11e18c1de
347,225.74110412597656,232.1144256591797,model_20210906-170101-d11e18c1de-d1e338e206,model_20210906-170101-d11e18c1de
348,225.71334838867188,232.10462951660156,model_20210906-170101-d11e18c1de-d1e338e206,model_20210906-170101-d11e18c1de
349,225.6866455078125,232.09783935546875,model_20210906-170101-d11e18c1de-d1e338e206,model_20210906-170101-d11e18c1de
350,225.67015075683594,232.0912628173828,model_20210906-170101-d11e18c1de-d1e338e206,model_20210906-170101-d11e18c1de
351,225.61790466308594,232.07839965820312,model_20210906-170101-d11e18c1de-d1e338e206,model_20210906-170101-d11e18c1de
352,225.59814453125,232.07012939453125,model_20210906-170101-d11e18c1de-d1e338e206,model_20210906-170101-d11e18c1de
353,225.56666564941406,232.0604705810547,model_20210906-170101-d11e18c1de-d1e338e206,model_20210906-170101-d11e18c1de
354,225.54283142089844,232.04690551757812,model_20210906-170101-d11e18c1de-d1e338e206,model_20210906-170101-d11e18c1de
355,225.51808166503906,232.03663635253906,model_20210906-170101-d11e18c1de-d1e338e206,model_20210906-170101-d11e18c1de
356,225.49684143066406,232.03257751464844,model_20210906-170101-d11e18c1de-d1e338e206,model_20210906-170101-d11e18c1de
357,225.42762756347656,232.00071716308594,model_20210906-170101-d11e18c1de-d1e338e206,model_20210906-170101-d11e18c1de
358,225.40310668945312,231.9981689453125,model_20210906-170101-d11e18c1de-d1e338e206,model_20210906-170101-d11e18c1de
359,225.3843994140625,231.9951629638672,model_20210906-170101-d11e18c1de-d1e338e206,model_20210906-170101-d11e18c1de
360,225.34170532226562,231.97622680664062,model_20210906-170101-d11e18c1de-d1e338e206,model_20210906-170101-d11e18c1de
361,225.31642150878906,231.9712371826172,model_20210906-170101-d11e18c1de-d1e338e206,model_20210906-170101-d11e18c1de
362,225.29205322265625,231.96694946289062,model_20210906-170101-d11e18c1de-d1e338e206,model_20210906-170101-d11e18c1de
363,225.27169799804688,231.962890625,model_20210906-170101-d11e18c1de-d1e338e206,model_20210906-170101-d11e18c1de
364,225.2491455078125,231.95870971679688,model_20210906-170101-d11e18c1de-d1e338e206,model_20210906-170101-d11e18c1de
365,225.22802734375,231.95645141601562,model_20210906-170101-d11e18c1de-d1e338e206,model_20210906-170101-d11e18c1de
366,225.21234130859375,231.953125,model_20210906-170101-d11e18c1de-d1e338e206,model_20210906-170101-d11e18c1de
367,225.17962646484375,231.9346466064453,model_20210906-170101-d11e18c1de-d1e338e206,model_20210906-170101-d11e18c1de
368,225.15773010253906,231.9272918701172,model_20210906-170101-d11e18c1de-d1e338e206,model_20210906-170101-d11e18c1de
369,225.1330108642578,231.92173767089844,model_20210906-170101-d11e18c1de-d1e338e206,model_20210906-170101-d11e18c1de
