,train_summaries,test_summaries,trial_id,parent_study_id
0,1526.1759033203125,1418.8994140625,model_20211002-162725-e6eca01925-c79f3cfedf,model_20211002-162725-e6eca01925
1,1439.7880859375,1340.7376708984375,model_20211002-162725-e6eca01925-c79f3cfedf,model_20211002-162725-e6eca01925
2,1358.959716796875,1267.540771484375,model_20211002-162725-e6eca01925-c79f3cfedf,model_20211002-162725-e6eca01925
3,1283.329345703125,1198.9931640625,model_20211002-162725-e6eca01925-c79f3cfedf,model_20211002-162725-e6eca01925
4,1212.649169921875,1134.882568359375,model_20211002-162725-e6eca01925-c79f3cfedf,model_20211002-162725-e6eca01925
5,1146.5926513671875,1074.9073486328125,model_20211002-162725-e6eca01925-c79f3cfedf,model_20211002-162725-e6eca01925
6,1084.8546142578125,1018.8418579101562,model_20211002-162725-e6eca01925-c79f3cfedf,model_20211002-162725-e6eca01925
7,1027.2596435546875,966.5049438476562,model_20211002-162725-e6eca01925-c79f3cfedf,model_20211002-162725-e6eca01925
8,973.5435791015625,917.6410522460938,model_20211002-162725-e6eca01925-c79f3cfedf,model_20211002-162725-e6eca01925
9,923.5021362304688,872.06640625,model_20211002-162725-e6eca01925-c79f3cfedf,model_20211002-162725-e6eca01925
10,876.8897094726562,829.5812377929688,model_20211002-162725-e6eca01925-c79f3cfedf,model_20211002-162725-e6eca01925
11,833.5178833007812,790.0135498046875,model_20211002-162725-e6eca01925-c79f3cfedf,model_20211002-162725-e6eca01925
12,793.2294921875,753.1676635742188,model_20211002-162725-e6eca01925-c79f3cfedf,model_20211002-162725-e6eca01925
13,755.8456420898438,718.8873291015625,model_20211002-162725-e6eca01925-c79f3cfedf,model_20211002-162725-e6eca01925
14,721.151123046875,687.0249633789062,model_20211002-162725-e6eca01925-c79f3cfedf,model_20211002-162725-e6eca01925
15,689.0799560546875,657.50634765625,model_20211002-162725-e6eca01925-c79f3cfedf,model_20211002-162725-e6eca01925
16,659.41015625,630.1250610351562,model_20211002-162725-e6eca01925-c79f3cfedf,model_20211002-162725-e6eca01925
17,631.9415893554688,604.7341918945312,model_20211002-162725-e6eca01925-c79f3cfedf,model_20211002-162725-e6eca01925
18,606.6224365234375,581.2278442382812,model_20211002-162725-e6eca01925-c79f3cfedf,model_20211002-162725-e6eca01925
19,583.3013916015625,559.5240478515625,model_20211002-162725-e6eca01925-c79f3cfedf,model_20211002-162725-e6eca01925
20,561.8582153320312,539.42431640625,model_20211002-162725-e6eca01925-c79f3cfedf,model_20211002-162725-e6eca01925
21,542.1643676757812,520.9234008789062,model_20211002-162725-e6eca01925-c79f3cfedf,model_20211002-162725-e6eca01925
22,524.0857543945312,503.8819885253906,model_20211002-162725-e6eca01925-c79f3cfedf,model_20211002-162725-e6eca01925
23,507.5124816894531,488.17919921875,model_20211002-162725-e6eca01925-c79f3cfedf,model_20211002-162725-e6eca01925
24,492.4024353027344,473.7481994628906,model_20211002-162725-e6eca01925-c79f3cfedf,model_20211002-162725-e6eca01925
25,478.60626220703125,460.4577941894531,model_20211002-162725-e6eca01925-c79f3cfedf,model_20211002-162725-e6eca01925
26,466.0318908691406,448.287841796875,model_20211002-162725-e6eca01925-c79f3cfedf,model_20211002-162725-e6eca01925
27,454.578857421875,437.12408447265625,model_20211002-162725-e6eca01925-c79f3cfedf,model_20211002-162725-e6eca01925
28,444.1739807128906,426.9056396484375,model_20211002-162725-e6eca01925-c79f3cfedf,model_20211002-162725-e6eca01925
29,434.7424621582031,417.5510559082031,model_20211002-162725-e6eca01925-c79f3cfedf,model_20211002-162725-e6eca01925
30,426.1482238769531,408.9759826660156,model_20211002-162725-e6eca01925-c79f3cfedf,model_20211002-162725-e6eca01925
31,418.3648681640625,401.1592712402344,model_20211002-162725-e6eca01925-c79f3cfedf,model_20211002-162725-e6eca01925
32,411.3191223144531,393.9927673339844,model_20211002-162725-e6eca01925-c79f3cfedf,model_20211002-162725-e6eca01925
33,404.9169006347656,387.4504089355469,model_20211002-162725-e6eca01925-c79f3cfedf,model_20211002-162725-e6eca01925
34,399.150634765625,381.476318359375,model_20211002-162725-e6eca01925-c79f3cfedf,model_20211002-162725-e6eca01925
35,393.9189453125,376.0045166015625,model_20211002-162725-e6eca01925-c79f3cfedf,model_20211002-162725-e6eca01925
36,389.2108459472656,371.0049133300781,model_20211002-162725-e6eca01925-c79f3cfedf,model_20211002-162725-e6eca01925
37,384.9559326171875,366.46990966796875,model_20211002-162725-e6eca01925-c79f3cfedf,model_20211002-162725-e6eca01925
38,381.04327392578125,362.2744140625,model_20211002-162725-e6eca01925-c79f3cfedf,model_20211002-162725-e6eca01925
39,377.5223388671875,358.473388671875,model_20211002-162725-e6eca01925-c79f3cfedf,model_20211002-162725-e6eca01925
40,374.3540344238281,354.9611511230469,model_20211002-162725-e6eca01925-c79f3cfedf,model_20211002-162725-e6eca01925
41,371.432373046875,351.7699279785156,model_20211002-162725-e6eca01925-c79f3cfedf,model_20211002-162725-e6eca01925
42,368.8203430175781,348.88739013671875,model_20211002-162725-e6eca01925-c79f3cfedf,model_20211002-162725-e6eca01925
43,366.463623046875,346.2532958984375,model_20211002-162725-e6eca01925-c79f3cfedf,model_20211002-162725-e6eca01925
44,364.2563781738281,343.79595947265625,model_20211002-162725-e6eca01925-c79f3cfedf,model_20211002-162725-e6eca01925
45,362.2832946777344,341.5830383300781,model_20211002-162725-e6eca01925-c79f3cfedf,model_20211002-162725-e6eca01925
46,360.4512023925781,339.52606201171875,model_20211002-162725-e6eca01925-c79f3cfedf,model_20211002-162725-e6eca01925
47,358.7652587890625,337.6683349609375,model_20211002-162725-e6eca01925-c79f3cfedf,model_20211002-162725-e6eca01925
48,357.2229309082031,335.9404602050781,model_20211002-162725-e6eca01925-c79f3cfedf,model_20211002-162725-e6eca01925
49,355.78485107421875,334.30804443359375,model_20211002-162725-e6eca01925-c79f3cfedf,model_20211002-162725-e6eca01925
50,354.5462341308594,332.876953125,model_20211002-162725-e6eca01925-c79f3cfedf,model_20211002-162725-e6eca01925
51,353.38189697265625,331.511474609375,model_20211002-162725-e6eca01925-c79f3cfedf,model_20211002-162725-e6eca01925
52,352.290771484375,330.249267578125,model_20211002-162725-e6eca01925-c79f3cfedf,model_20211002-162725-e6eca01925
53,351.2987365722656,329.0846862792969,model_20211002-162725-e6eca01925-c79f3cfedf,model_20211002-162725-e6eca01925
54,350.4039611816406,328.0654296875,model_20211002-162725-e6eca01925-c79f3cfedf,model_20211002-162725-e6eca01925
55,349.5302429199219,327.052978515625,model_20211002-162725-e6eca01925-c79f3cfedf,model_20211002-162725-e6eca01925
56,348.7250671386719,326.13775634765625,model_20211002-162725-e6eca01925-c79f3cfedf,model_20211002-162725-e6eca01925
57,347.9892272949219,325.3092346191406,model_20211002-162725-e6eca01925-c79f3cfedf,model_20211002-162725-e6eca01925
58,347.2703552246094,324.53369140625,model_20211002-162725-e6eca01925-c79f3cfedf,model_20211002-162725-e6eca01925
59,346.6228332519531,323.78704833984375,model_20211002-162725-e6eca01925-c79f3cfedf,model_20211002-162725-e6eca01925
60,346.0463562011719,323.1177673339844,model_20211002-162725-e6eca01925-c79f3cfedf,model_20211002-162725-e6eca01925
61,345.4031677246094,322.4604797363281,model_20211002-162725-e6eca01925-c79f3cfedf,model_20211002-162725-e6eca01925
62,344.8566589355469,321.85791015625,model_20211002-162725-e6eca01925-c79f3cfedf,model_20211002-162725-e6eca01925
63,344.3486328125,321.3004150390625,model_20211002-162725-e6eca01925-c79f3cfedf,model_20211002-162725-e6eca01925
64,343.827880859375,320.7573547363281,model_20211002-162725-e6eca01925-c79f3cfedf,model_20211002-162725-e6eca01925
65,343.38385009765625,320.2951965332031,model_20211002-162725-e6eca01925-c79f3cfedf,model_20211002-162725-e6eca01925
66,342.9871520996094,319.8694152832031,model_20211002-162725-e6eca01925-c79f3cfedf,model_20211002-162725-e6eca01925
67,342.5612487792969,319.4315490722656,model_20211002-162725-e6eca01925-c79f3cfedf,model_20211002-162725-e6eca01925
68,342.17730712890625,319.0328063964844,model_20211002-162725-e6eca01925-c79f3cfedf,model_20211002-162725-e6eca01925
69,341.76312255859375,318.67681884765625,model_20211002-162725-e6eca01925-c79f3cfedf,model_20211002-162725-e6eca01925
70,341.2559814453125,318.27490234375,model_20211002-162725-e6eca01925-c79f3cfedf,model_20211002-162725-e6eca01925
71,340.8971862792969,317.9506530761719,model_20211002-162725-e6eca01925-c79f3cfedf,model_20211002-162725-e6eca01925
72,340.51104736328125,317.6542663574219,model_20211002-162725-e6eca01925-c79f3cfedf,model_20211002-162725-e6eca01925
73,340.1492004394531,317.3707275390625,model_20211002-162725-e6eca01925-c79f3cfedf,model_20211002-162725-e6eca01925
74,339.8518371582031,317.0782470703125,model_20211002-162725-e6eca01925-c79f3cfedf,model_20211002-162725-e6eca01925
75,339.4497985839844,316.78094482421875,model_20211002-162725-e6eca01925-c79f3cfedf,model_20211002-162725-e6eca01925
76,339.0379333496094,316.5469665527344,model_20211002-162725-e6eca01925-c79f3cfedf,model_20211002-162725-e6eca01925
77,338.73974609375,316.30645751953125,model_20211002-162725-e6eca01925-c79f3cfedf,model_20211002-162725-e6eca01925
78,338.4197082519531,316.1180725097656,model_20211002-162725-e6eca01925-c79f3cfedf,model_20211002-162725-e6eca01925
79,338.1258544921875,315.88189697265625,model_20211002-162725-e6eca01925-c79f3cfedf,model_20211002-162725-e6eca01925
80,337.7606201171875,315.681396484375,model_20211002-162725-e6eca01925-c79f3cfedf,model_20211002-162725-e6eca01925
81,337.4014587402344,315.4715270996094,model_20211002-162725-e6eca01925-c79f3cfedf,model_20211002-162725-e6eca01925
82,337.09210205078125,315.2745666503906,model_20211002-162725-e6eca01925-c79f3cfedf,model_20211002-162725-e6eca01925
83,336.7593078613281,315.0875244140625,model_20211002-162725-e6eca01925-c79f3cfedf,model_20211002-162725-e6eca01925
84,336.5365905761719,314.9306945800781,model_20211002-162725-e6eca01925-c79f3cfedf,model_20211002-162725-e6eca01925
85,336.30938720703125,314.7572937011719,model_20211002-162725-e6eca01925-c79f3cfedf,model_20211002-162725-e6eca01925
86,335.992431640625,314.6139831542969,model_20211002-162725-e6eca01925-c79f3cfedf,model_20211002-162725-e6eca01925
87,335.65869140625,314.45831298828125,model_20211002-162725-e6eca01925-c79f3cfedf,model_20211002-162725-e6eca01925
88,335.3367614746094,314.2893371582031,model_20211002-162725-e6eca01925-c79f3cfedf,model_20211002-162725-e6eca01925
89,335.1597900390625,314.189697265625,model_20211002-162725-e6eca01925-c79f3cfedf,model_20211002-162725-e6eca01925
90,334.9129638671875,314.087646484375,model_20211002-162725-e6eca01925-c79f3cfedf,model_20211002-162725-e6eca01925
91,334.6317443847656,313.910400390625,model_20211002-162725-e6eca01925-c79f3cfedf,model_20211002-162725-e6eca01925
92,334.3911437988281,313.7846374511719,model_20211002-162725-e6eca01925-c79f3cfedf,model_20211002-162725-e6eca01925
93,334.1607360839844,313.6734619140625,model_20211002-162725-e6eca01925-c79f3cfedf,model_20211002-162725-e6eca01925
94,333.9325866699219,313.5704040527344,model_20211002-162725-e6eca01925-c79f3cfedf,model_20211002-162725-e6eca01925
95,333.73394775390625,313.4403076171875,model_20211002-162725-e6eca01925-c79f3cfedf,model_20211002-162725-e6eca01925
96,333.48529052734375,313.3046569824219,model_20211002-162725-e6eca01925-c79f3cfedf,model_20211002-162725-e6eca01925
97,333.18798828125,313.16827392578125,model_20211002-162725-e6eca01925-c79f3cfedf,model_20211002-162725-e6eca01925
98,332.97076416015625,313.0696716308594,model_20211002-162725-e6eca01925-c79f3cfedf,model_20211002-162725-e6eca01925
99,332.7197570800781,312.9544677734375,model_20211002-162725-e6eca01925-c79f3cfedf,model_20211002-162725-e6eca01925
100,332.568603515625,312.8778076171875,model_20211002-162725-e6eca01925-c79f3cfedf,model_20211002-162725-e6eca01925
101,332.3763427734375,312.782958984375,model_20211002-162725-e6eca01925-c79f3cfedf,model_20211002-162725-e6eca01925
102,332.15960693359375,312.6695556640625,model_20211002-162725-e6eca01925-c79f3cfedf,model_20211002-162725-e6eca01925
103,331.9884033203125,312.5751953125,model_20211002-162725-e6eca01925-c79f3cfedf,model_20211002-162725-e6eca01925
104,331.83123779296875,312.4898376464844,model_20211002-162725-e6eca01925-c79f3cfedf,model_20211002-162725-e6eca01925
105,331.70172119140625,312.4056701660156,model_20211002-162725-e6eca01925-c79f3cfedf,model_20211002-162725-e6eca01925
106,331.54534912109375,312.3367614746094,model_20211002-162725-e6eca01925-c79f3cfedf,model_20211002-162725-e6eca01925
107,331.36456298828125,312.2527160644531,model_20211002-162725-e6eca01925-c79f3cfedf,model_20211002-162725-e6eca01925
108,331.23272705078125,312.1683349609375,model_20211002-162725-e6eca01925-c79f3cfedf,model_20211002-162725-e6eca01925
109,331.08953857421875,312.10723876953125,model_20211002-162725-e6eca01925-c79f3cfedf,model_20211002-162725-e6eca01925
110,330.9229431152344,312.0322570800781,model_20211002-162725-e6eca01925-c79f3cfedf,model_20211002-162725-e6eca01925
111,330.78570556640625,311.97674560546875,model_20211002-162725-e6eca01925-c79f3cfedf,model_20211002-162725-e6eca01925
112,330.6332092285156,311.9114074707031,model_20211002-162725-e6eca01925-c79f3cfedf,model_20211002-162725-e6eca01925
113,330.4620361328125,311.87701416015625,model_20211002-162725-e6eca01925-c79f3cfedf,model_20211002-162725-e6eca01925
114,330.2342224121094,311.792236328125,model_20211002-162725-e6eca01925-c79f3cfedf,model_20211002-162725-e6eca01925
115,330.1070556640625,311.7331237792969,model_20211002-162725-e6eca01925-c79f3cfedf,model_20211002-162725-e6eca01925
116,329.95343017578125,311.68212890625,model_20211002-162725-e6eca01925-c79f3cfedf,model_20211002-162725-e6eca01925
117,329.81890869140625,311.6188049316406,model_20211002-162725-e6eca01925-c79f3cfedf,model_20211002-162725-e6eca01925
118,329.6652526855469,311.5941467285156,model_20211002-162725-e6eca01925-c79f3cfedf,model_20211002-162725-e6eca01925
119,329.4790344238281,311.53485107421875,model_20211002-162725-e6eca01925-c79f3cfedf,model_20211002-162725-e6eca01925
120,329.35382080078125,311.49224853515625,model_20211002-162725-e6eca01925-c79f3cfedf,model_20211002-162725-e6eca01925
121,329.2254638671875,311.4339294433594,model_20211002-162725-e6eca01925-c79f3cfedf,model_20211002-162725-e6eca01925
122,329.13189697265625,311.3923645019531,model_20211002-162725-e6eca01925-c79f3cfedf,model_20211002-162725-e6eca01925
123,328.91571044921875,311.327880859375,model_20211002-162725-e6eca01925-c79f3cfedf,model_20211002-162725-e6eca01925
124,328.7664794921875,311.2825012207031,model_20211002-162725-e6eca01925-c79f3cfedf,model_20211002-162725-e6eca01925
125,328.5480651855469,311.22576904296875,model_20211002-162725-e6eca01925-c79f3cfedf,model_20211002-162725-e6eca01925
126,328.4284973144531,311.1847839355469,model_20211002-162725-e6eca01925-c79f3cfedf,model_20211002-162725-e6eca01925
127,328.31390380859375,311.1398620605469,model_20211002-162725-e6eca01925-c79f3cfedf,model_20211002-162725-e6eca01925
128,328.1500244140625,311.119140625,model_20211002-162725-e6eca01925-c79f3cfedf,model_20211002-162725-e6eca01925
129,327.9206237792969,311.0390319824219,model_20211002-162725-e6eca01925-c79f3cfedf,model_20211002-162725-e6eca01925
130,327.8134765625,311.007080078125,model_20211002-162725-e6eca01925-c79f3cfedf,model_20211002-162725-e6eca01925
131,327.6002502441406,310.95965576171875,model_20211002-162725-e6eca01925-c79f3cfedf,model_20211002-162725-e6eca01925
132,327.4322814941406,310.915283203125,model_20211002-162725-e6eca01925-c79f3cfedf,model_20211002-162725-e6eca01925
133,327.2626647949219,310.8988342285156,model_20211002-162725-e6eca01925-c79f3cfedf,model_20211002-162725-e6eca01925
134,327.14862060546875,310.8498840332031,model_20211002-162725-e6eca01925-c79f3cfedf,model_20211002-162725-e6eca01925
135,327.0307312011719,310.79913330078125,model_20211002-162725-e6eca01925-c79f3cfedf,model_20211002-162725-e6eca01925
136,326.93994140625,310.7543640136719,model_20211002-162725-e6eca01925-c79f3cfedf,model_20211002-162725-e6eca01925
137,326.7474060058594,310.70294189453125,model_20211002-162725-e6eca01925-c79f3cfedf,model_20211002-162725-e6eca01925
138,326.6507568359375,310.6636047363281,model_20211002-162725-e6eca01925-c79f3cfedf,model_20211002-162725-e6eca01925
139,326.53106689453125,310.625244140625,model_20211002-162725-e6eca01925-c79f3cfedf,model_20211002-162725-e6eca01925
140,326.4541015625,310.5976867675781,model_20211002-162725-e6eca01925-c79f3cfedf,model_20211002-162725-e6eca01925
141,326.3704528808594,310.57269287109375,model_20211002-162725-e6eca01925-c79f3cfedf,model_20211002-162725-e6eca01925
142,326.16668701171875,310.540771484375,model_20211002-162725-e6eca01925-c79f3cfedf,model_20211002-162725-e6eca01925
143,326.0030822753906,310.4931335449219,model_20211002-162725-e6eca01925-c79f3cfedf,model_20211002-162725-e6eca01925
144,325.89874267578125,310.4718017578125,model_20211002-162725-e6eca01925-c79f3cfedf,model_20211002-162725-e6eca01925
145,325.7842102050781,310.4322204589844,model_20211002-162725-e6eca01925-c79f3cfedf,model_20211002-162725-e6eca01925
146,325.63751220703125,310.3946228027344,model_20211002-162725-e6eca01925-c79f3cfedf,model_20211002-162725-e6eca01925
147,325.5215148925781,310.35791015625,model_20211002-162725-e6eca01925-c79f3cfedf,model_20211002-162725-e6eca01925
148,325.4108581542969,310.3417053222656,model_20211002-162725-e6eca01925-c79f3cfedf,model_20211002-162725-e6eca01925
149,325.3134765625,310.31060791015625,model_20211002-162725-e6eca01925-c79f3cfedf,model_20211002-162725-e6eca01925
150,325.1460266113281,310.27398681640625,model_20211002-162725-e6eca01925-c79f3cfedf,model_20211002-162725-e6eca01925
151,325.04998779296875,310.2371520996094,model_20211002-162725-e6eca01925-c79f3cfedf,model_20211002-162725-e6eca01925
152,324.83251953125,310.189697265625,model_20211002-162725-e6eca01925-c79f3cfedf,model_20211002-162725-e6eca01925
153,324.7455749511719,310.1684875488281,model_20211002-162725-e6eca01925-c79f3cfedf,model_20211002-162725-e6eca01925
154,324.6793518066406,310.1438293457031,model_20211002-162725-e6eca01925-c79f3cfedf,model_20211002-162725-e6eca01925
155,324.55267333984375,310.137939453125,model_20211002-162725-e6eca01925-c79f3cfedf,model_20211002-162725-e6eca01925
156,324.36505126953125,310.1044006347656,model_20211002-162725-e6eca01925-c79f3cfedf,model_20211002-162725-e6eca01925
157,324.2760009765625,310.0733337402344,model_20211002-162725-e6eca01925-c79f3cfedf,model_20211002-162725-e6eca01925
158,324.20635986328125,310.0387878417969,model_20211002-162725-e6eca01925-c79f3cfedf,model_20211002-162725-e6eca01925
159,324.08880615234375,309.99884033203125,model_20211002-162725-e6eca01925-c79f3cfedf,model_20211002-162725-e6eca01925
160,324.0074157714844,309.9715576171875,model_20211002-162725-e6eca01925-c79f3cfedf,model_20211002-162725-e6eca01925
161,323.94384765625,309.9505310058594,model_20211002-162725-e6eca01925-c79f3cfedf,model_20211002-162725-e6eca01925
162,323.8628845214844,309.92181396484375,model_20211002-162725-e6eca01925-c79f3cfedf,model_20211002-162725-e6eca01925
163,323.67218017578125,309.8927001953125,model_20211002-162725-e6eca01925-c79f3cfedf,model_20211002-162725-e6eca01925
164,323.5926513671875,309.86639404296875,model_20211002-162725-e6eca01925-c79f3cfedf,model_20211002-162725-e6eca01925
165,323.4262390136719,309.8321533203125,model_20211002-162725-e6eca01925-c79f3cfedf,model_20211002-162725-e6eca01925
166,323.3424987792969,309.80572509765625,model_20211002-162725-e6eca01925-c79f3cfedf,model_20211002-162725-e6eca01925
167,323.2696228027344,309.77587890625,model_20211002-162725-e6eca01925-c79f3cfedf,model_20211002-162725-e6eca01925
168,323.2099609375,309.76788330078125,model_20211002-162725-e6eca01925-c79f3cfedf,model_20211002-162725-e6eca01925
169,323.0412902832031,309.7423400878906,model_20211002-162725-e6eca01925-c79f3cfedf,model_20211002-162725-e6eca01925
170,322.87908935546875,309.7271728515625,model_20211002-162725-e6eca01925-c79f3cfedf,model_20211002-162725-e6eca01925
171,322.7989196777344,309.7006530761719,model_20211002-162725-e6eca01925-c79f3cfedf,model_20211002-162725-e6eca01925
172,322.71142578125,309.6700439453125,model_20211002-162725-e6eca01925-c79f3cfedf,model_20211002-162725-e6eca01925
173,322.6007080078125,309.6356201171875,model_20211002-162725-e6eca01925-c79f3cfedf,model_20211002-162725-e6eca01925
174,322.52923583984375,309.6120300292969,model_20211002-162725-e6eca01925-c79f3cfedf,model_20211002-162725-e6eca01925
175,322.42083740234375,309.5744934082031,model_20211002-162725-e6eca01925-c79f3cfedf,model_20211002-162725-e6eca01925
176,322.33197021484375,309.5509338378906,model_20211002-162725-e6eca01925-c79f3cfedf,model_20211002-162725-e6eca01925
177,322.2635803222656,309.5299377441406,model_20211002-162725-e6eca01925-c79f3cfedf,model_20211002-162725-e6eca01925
178,322.0635070800781,309.4712219238281,model_20211002-162725-e6eca01925-c79f3cfedf,model_20211002-162725-e6eca01925
179,321.9906005859375,309.45050048828125,model_20211002-162725-e6eca01925-c79f3cfedf,model_20211002-162725-e6eca01925
180,321.89678955078125,309.4405517578125,model_20211002-162725-e6eca01925-c79f3cfedf,model_20211002-162725-e6eca01925
181,321.82379150390625,309.41949462890625,model_20211002-162725-e6eca01925-c79f3cfedf,model_20211002-162725-e6eca01925
182,321.7535400390625,309.39410400390625,model_20211002-162725-e6eca01925-c79f3cfedf,model_20211002-162725-e6eca01925
183,321.679931640625,309.3634948730469,model_20211002-162725-e6eca01925-c79f3cfedf,model_20211002-162725-e6eca01925
184,321.6135559082031,309.36285400390625,model_20211002-162725-e6eca01925-c79f3cfedf,model_20211002-162725-e6eca01925
185,321.5321350097656,309.3395080566406,model_20211002-162725-e6eca01925-c79f3cfedf,model_20211002-162725-e6eca01925
186,321.3830871582031,309.30810546875,model_20211002-162725-e6eca01925-c79f3cfedf,model_20211002-162725-e6eca01925
187,321.3242492675781,309.3005676269531,model_20211002-162725-e6eca01925-c79f3cfedf,model_20211002-162725-e6eca01925
188,321.2433776855469,309.2748107910156,model_20211002-162725-e6eca01925-c79f3cfedf,model_20211002-162725-e6eca01925
189,321.1873474121094,309.2648620605469,model_20211002-162725-e6eca01925-c79f3cfedf,model_20211002-162725-e6eca01925
190,321.0491943359375,309.238037109375,model_20211002-162725-e6eca01925-c79f3cfedf,model_20211002-162725-e6eca01925
191,320.9870300292969,309.2217712402344,model_20211002-162725-e6eca01925-c79f3cfedf,model_20211002-162725-e6eca01925
192,320.9039001464844,309.2080993652344,model_20211002-162725-e6eca01925-c79f3cfedf,model_20211002-162725-e6eca01925
193,320.7660217285156,309.1894836425781,model_20211002-162725-e6eca01925-c79f3cfedf,model_20211002-162725-e6eca01925
194,320.6996154785156,309.1661376953125,model_20211002-162725-e6eca01925-c79f3cfedf,model_20211002-162725-e6eca01925
195,320.6395568847656,309.1447448730469,model_20211002-162725-e6eca01925-c79f3cfedf,model_20211002-162725-e6eca01925
196,320.6136169433594,309.13525390625,model_20211002-162725-e6eca01925-c79f3cfedf,model_20211002-162725-e6eca01925
197,320.5423583984375,309.11749267578125,model_20211002-162725-e6eca01925-c79f3cfedf,model_20211002-162725-e6eca01925
198,320.39263916015625,309.0727233886719,model_20211002-162725-e6eca01925-c79f3cfedf,model_20211002-162725-e6eca01925
199,320.3302001953125,309.0598449707031,model_20211002-162725-e6eca01925-c79f3cfedf,model_20211002-162725-e6eca01925
200,320.2586364746094,309.0400390625,model_20211002-162725-e6eca01925-c79f3cfedf,model_20211002-162725-e6eca01925
201,320.18597412109375,309.0278015136719,model_20211002-162725-e6eca01925-c79f3cfedf,model_20211002-162725-e6eca01925
202,320.11395263671875,309.01239013671875,model_20211002-162725-e6eca01925-c79f3cfedf,model_20211002-162725-e6eca01925
203,320.0741271972656,308.995849609375,model_20211002-162725-e6eca01925-c79f3cfedf,model_20211002-162725-e6eca01925
204,320.01568603515625,308.98028564453125,model_20211002-162725-e6eca01925-c79f3cfedf,model_20211002-162725-e6eca01925
205,319.9469909667969,308.9564208984375,model_20211002-162725-e6eca01925-c79f3cfedf,model_20211002-162725-e6eca01925
206,319.858642578125,308.9364318847656,model_20211002-162725-e6eca01925-c79f3cfedf,model_20211002-162725-e6eca01925
207,319.7064208984375,308.8993225097656,model_20211002-162725-e6eca01925-c79f3cfedf,model_20211002-162725-e6eca01925
208,319.6520690917969,308.886962890625,model_20211002-162725-e6eca01925-c79f3cfedf,model_20211002-162725-e6eca01925
209,319.60260009765625,308.8761901855469,model_20211002-162725-e6eca01925-c79f3cfedf,model_20211002-162725-e6eca01925
210,319.53338623046875,308.8625183105469,model_20211002-162725-e6eca01925-c79f3cfedf,model_20211002-162725-e6eca01925
211,319.470703125,308.8414611816406,model_20211002-162725-e6eca01925-c79f3cfedf,model_20211002-162725-e6eca01925
212,319.4110412597656,308.8280944824219,model_20211002-162725-e6eca01925-c79f3cfedf,model_20211002-162725-e6eca01925
213,319.3262939453125,308.81201171875,model_20211002-162725-e6eca01925-c79f3cfedf,model_20211002-162725-e6eca01925
214,319.2815856933594,308.803955078125,model_20211002-162725-e6eca01925-c79f3cfedf,model_20211002-162725-e6eca01925
215,319.1853332519531,308.7783508300781,model_20211002-162725-e6eca01925-c79f3cfedf,model_20211002-162725-e6eca01925
216,319.12249755859375,308.7649230957031,model_20211002-162725-e6eca01925-c79f3cfedf,model_20211002-162725-e6eca01925
217,319.0535888671875,308.7583312988281,model_20211002-162725-e6eca01925-c79f3cfedf,model_20211002-162725-e6eca01925
218,318.9808349609375,308.7454833984375,model_20211002-162725-e6eca01925-c79f3cfedf,model_20211002-162725-e6eca01925
219,318.90765380859375,308.7380065917969,model_20211002-162725-e6eca01925-c79f3cfedf,model_20211002-162725-e6eca01925
220,318.8432922363281,308.7253112792969,model_20211002-162725-e6eca01925-c79f3cfedf,model_20211002-162725-e6eca01925
221,318.8018493652344,308.7176818847656,model_20211002-162725-e6eca01925-c79f3cfedf,model_20211002-162725-e6eca01925
222,318.7545166015625,308.70135498046875,model_20211002-162725-e6eca01925-c79f3cfedf,model_20211002-162725-e6eca01925
223,318.6928405761719,308.6859130859375,model_20211002-162725-e6eca01925-c79f3cfedf,model_20211002-162725-e6eca01925
224,318.6174011230469,308.667724609375,model_20211002-162725-e6eca01925-c79f3cfedf,model_20211002-162725-e6eca01925
225,318.4513854980469,308.62945556640625,model_20211002-162725-e6eca01925-c79f3cfedf,model_20211002-162725-e6eca01925
226,318.3977966308594,308.6022033691406,model_20211002-162725-e6eca01925-c79f3cfedf,model_20211002-162725-e6eca01925
227,318.34136962890625,308.58245849609375,model_20211002-162725-e6eca01925-c79f3cfedf,model_20211002-162725-e6eca01925
228,318.2693176269531,308.57177734375,model_20211002-162725-e6eca01925-c79f3cfedf,model_20211002-162725-e6eca01925
229,318.2113037109375,308.552734375,model_20211002-162725-e6eca01925-c79f3cfedf,model_20211002-162725-e6eca01925
230,318.1513366699219,308.5381164550781,model_20211002-162725-e6eca01925-c79f3cfedf,model_20211002-162725-e6eca01925
231,318.0607604980469,308.518310546875,model_20211002-162725-e6eca01925-c79f3cfedf,model_20211002-162725-e6eca01925
232,317.9867248535156,308.50103759765625,model_20211002-162725-e6eca01925-c79f3cfedf,model_20211002-162725-e6eca01925
233,317.9429626464844,308.49212646484375,model_20211002-162725-e6eca01925-c79f3cfedf,model_20211002-162725-e6eca01925
234,317.8741760253906,308.4820556640625,model_20211002-162725-e6eca01925-c79f3cfedf,model_20211002-162725-e6eca01925
235,317.8108825683594,308.46954345703125,model_20211002-162725-e6eca01925-c79f3cfedf,model_20211002-162725-e6eca01925
236,317.74993896484375,308.4542236328125,model_20211002-162725-e6eca01925-c79f3cfedf,model_20211002-162725-e6eca01925
237,317.6706848144531,308.4419860839844,model_20211002-162725-e6eca01925-c79f3cfedf,model_20211002-162725-e6eca01925
238,317.6248474121094,308.4308776855469,model_20211002-162725-e6eca01925-c79f3cfedf,model_20211002-162725-e6eca01925
239,317.5557861328125,308.4220886230469,model_20211002-162725-e6eca01925-c79f3cfedf,model_20211002-162725-e6eca01925
240,317.5010986328125,308.4098815917969,model_20211002-162725-e6eca01925-c79f3cfedf,model_20211002-162725-e6eca01925
241,317.4518737792969,308.3972473144531,model_20211002-162725-e6eca01925-c79f3cfedf,model_20211002-162725-e6eca01925
242,317.4134521484375,308.3935852050781,model_20211002-162725-e6eca01925-c79f3cfedf,model_20211002-162725-e6eca01925
243,317.3375549316406,308.3818664550781,model_20211002-162725-e6eca01925-c79f3cfedf,model_20211002-162725-e6eca01925
244,317.282958984375,308.3683166503906,model_20211002-162725-e6eca01925-c79f3cfedf,model_20211002-162725-e6eca01925
245,317.2122497558594,308.3578186035156,model_20211002-162725-e6eca01925-c79f3cfedf,model_20211002-162725-e6eca01925
246,317.17327880859375,308.3460693359375,model_20211002-162725-e6eca01925-c79f3cfedf,model_20211002-162725-e6eca01925
247,317.097900390625,308.3212585449219,model_20211002-162725-e6eca01925-c79f3cfedf,model_20211002-162725-e6eca01925
248,317.0281982421875,308.3067321777344,model_20211002-162725-e6eca01925-c79f3cfedf,model_20211002-162725-e6eca01925
249,316.9974670410156,308.302978515625,model_20211002-162725-e6eca01925-c79f3cfedf,model_20211002-162725-e6eca01925
250,316.91766357421875,308.290283203125,model_20211002-162725-e6eca01925-c79f3cfedf,model_20211002-162725-e6eca01925
251,316.86553955078125,308.283935546875,model_20211002-162725-e6eca01925-c79f3cfedf,model_20211002-162725-e6eca01925
252,316.7909240722656,308.26318359375,model_20211002-162725-e6eca01925-c79f3cfedf,model_20211002-162725-e6eca01925
253,316.75909423828125,308.2546081542969,model_20211002-162725-e6eca01925-c79f3cfedf,model_20211002-162725-e6eca01925
254,316.71435546875,308.2426452636719,model_20211002-162725-e6eca01925-c79f3cfedf,model_20211002-162725-e6eca01925
255,316.5896911621094,308.2183837890625,model_20211002-162725-e6eca01925-c79f3cfedf,model_20211002-162725-e6eca01925
256,316.51544189453125,308.2033996582031,model_20211002-162725-e6eca01925-c79f3cfedf,model_20211002-162725-e6eca01925
257,316.4714050292969,308.19873046875,model_20211002-162725-e6eca01925-c79f3cfedf,model_20211002-162725-e6eca01925
258,316.4262390136719,308.1854248046875,model_20211002-162725-e6eca01925-c79f3cfedf,model_20211002-162725-e6eca01925
259,316.37164306640625,308.1758728027344,model_20211002-162725-e6eca01925-c79f3cfedf,model_20211002-162725-e6eca01925
260,316.3184814453125,308.16693115234375,model_20211002-162725-e6eca01925-c79f3cfedf,model_20211002-162725-e6eca01925
261,316.1839599609375,308.143798828125,model_20211002-162725-e6eca01925-c79f3cfedf,model_20211002-162725-e6eca01925
262,316.12969970703125,308.13427734375,model_20211002-162725-e6eca01925-c79f3cfedf,model_20211002-162725-e6eca01925
263,316.07373046875,308.1260986328125,model_20211002-162725-e6eca01925-c79f3cfedf,model_20211002-162725-e6eca01925
264,316.0172424316406,308.115234375,model_20211002-162725-e6eca01925-c79f3cfedf,model_20211002-162725-e6eca01925
265,315.9461364746094,308.10797119140625,model_20211002-162725-e6eca01925-c79f3cfedf,model_20211002-162725-e6eca01925
266,315.9089050292969,308.10009765625,model_20211002-162725-e6eca01925-c79f3cfedf,model_20211002-162725-e6eca01925
267,315.864990234375,308.0900573730469,model_20211002-162725-e6eca01925-c79f3cfedf,model_20211002-162725-e6eca01925
268,315.8216247558594,308.069580078125,model_20211002-162725-e6eca01925-c79f3cfedf,model_20211002-162725-e6eca01925
269,315.7780456542969,308.0619201660156,model_20211002-162725-e6eca01925-c79f3cfedf,model_20211002-162725-e6eca01925
270,315.7379150390625,308.0509948730469,model_20211002-162725-e6eca01925-c79f3cfedf,model_20211002-162725-e6eca01925
271,315.6828308105469,308.0394287109375,model_20211002-162725-e6eca01925-c79f3cfedf,model_20211002-162725-e6eca01925
272,315.5866394042969,308.021728515625,model_20211002-162725-e6eca01925-c79f3cfedf,model_20211002-162725-e6eca01925
273,315.5395202636719,308.014404296875,model_20211002-162725-e6eca01925-c79f3cfedf,model_20211002-162725-e6eca01925
274,315.48455810546875,308.0049133300781,model_20211002-162725-e6eca01925-c79f3cfedf,model_20211002-162725-e6eca01925
275,315.441162109375,307.9967041015625,model_20211002-162725-e6eca01925-c79f3cfedf,model_20211002-162725-e6eca01925
276,315.41015625,307.9900817871094,model_20211002-162725-e6eca01925-c79f3cfedf,model_20211002-162725-e6eca01925
277,315.3353271484375,307.98272705078125,model_20211002-162725-e6eca01925-c79f3cfedf,model_20211002-162725-e6eca01925
278,315.2882995605469,307.9735107421875,model_20211002-162725-e6eca01925-c79f3cfedf,model_20211002-162725-e6eca01925
279,315.23895263671875,307.9623718261719,model_20211002-162725-e6eca01925-c79f3cfedf,model_20211002-162725-e6eca01925
280,315.1942138671875,307.9476623535156,model_20211002-162725-e6eca01925-c79f3cfedf,model_20211002-162725-e6eca01925
281,315.1150817871094,307.92938232421875,model_20211002-162725-e6eca01925-c79f3cfedf,model_20211002-162725-e6eca01925
282,315.06256103515625,307.9165344238281,model_20211002-162725-e6eca01925-c79f3cfedf,model_20211002-162725-e6eca01925
283,314.9971008300781,307.8994140625,model_20211002-162725-e6eca01925-c79f3cfedf,model_20211002-162725-e6eca01925
284,314.9446105957031,307.8835144042969,model_20211002-162725-e6eca01925-c79f3cfedf,model_20211002-162725-e6eca01925
285,314.9091796875,307.8765869140625,model_20211002-162725-e6eca01925-c79f3cfedf,model_20211002-162725-e6eca01925
286,314.8840026855469,307.8727722167969,model_20211002-162725-e6eca01925-c79f3cfedf,model_20211002-162725-e6eca01925
287,314.8367614746094,307.8615417480469,model_20211002-162725-e6eca01925-c79f3cfedf,model_20211002-162725-e6eca01925
288,314.77630615234375,307.8468933105469,model_20211002-162725-e6eca01925-c79f3cfedf,model_20211002-162725-e6eca01925
289,314.7358703613281,307.8395690917969,model_20211002-162725-e6eca01925-c79f3cfedf,model_20211002-162725-e6eca01925
290,314.6865539550781,307.8362121582031,model_20211002-162725-e6eca01925-c79f3cfedf,model_20211002-162725-e6eca01925
291,314.6454162597656,307.82904052734375,model_20211002-162725-e6eca01925-c79f3cfedf,model_20211002-162725-e6eca01925
292,314.5975341796875,307.81146240234375,model_20211002-162725-e6eca01925-c79f3cfedf,model_20211002-162725-e6eca01925
293,314.52783203125,307.7987365722656,model_20211002-162725-e6eca01925-c79f3cfedf,model_20211002-162725-e6eca01925
294,314.4866638183594,307.78790283203125,model_20211002-162725-e6eca01925-c79f3cfedf,model_20211002-162725-e6eca01925
295,314.4640808105469,307.77984619140625,model_20211002-162725-e6eca01925-c79f3cfedf,model_20211002-162725-e6eca01925
296,314.42181396484375,307.76605224609375,model_20211002-162725-e6eca01925-c79f3cfedf,model_20211002-162725-e6eca01925
297,314.3710021972656,307.75091552734375,model_20211002-162725-e6eca01925-c79f3cfedf,model_20211002-162725-e6eca01925
298,314.3290710449219,307.7436828613281,model_20211002-162725-e6eca01925-c79f3cfedf,model_20211002-162725-e6eca01925
299,314.2987365722656,307.7339172363281,model_20211002-162725-e6eca01925-c79f3cfedf,model_20211002-162725-e6eca01925
300,314.2488098144531,307.7278137207031,model_20211002-162725-e6eca01925-c79f3cfedf,model_20211002-162725-e6eca01925
301,314.2091064453125,307.7201843261719,model_20211002-162725-e6eca01925-c79f3cfedf,model_20211002-162725-e6eca01925
302,314.09320068359375,307.7001647949219,model_20211002-162725-e6eca01925-c79f3cfedf,model_20211002-162725-e6eca01925
303,314.0412902832031,307.6881103515625,model_20211002-162725-e6eca01925-c79f3cfedf,model_20211002-162725-e6eca01925
304,313.9859924316406,307.6737365722656,model_20211002-162725-e6eca01925-c79f3cfedf,model_20211002-162725-e6eca01925
305,313.9253845214844,307.6676330566406,model_20211002-162725-e6eca01925-c79f3cfedf,model_20211002-162725-e6eca01925
306,313.8941650390625,307.65966796875,model_20211002-162725-e6eca01925-c79f3cfedf,model_20211002-162725-e6eca01925
307,313.8419494628906,307.6431579589844,model_20211002-162725-e6eca01925-c79f3cfedf,model_20211002-162725-e6eca01925
308,313.8036804199219,307.63348388671875,model_20211002-162725-e6eca01925-c79f3cfedf,model_20211002-162725-e6eca01925
309,313.7640380859375,307.62908935546875,model_20211002-162725-e6eca01925-c79f3cfedf,model_20211002-162725-e6eca01925
310,313.6470642089844,307.6200866699219,model_20211002-162725-e6eca01925-c79f3cfedf,model_20211002-162725-e6eca01925
311,313.6130065917969,307.61163330078125,model_20211002-162725-e6eca01925-c79f3cfedf,model_20211002-162725-e6eca01925
312,313.57122802734375,307.6053161621094,model_20211002-162725-e6eca01925-c79f3cfedf,model_20211002-162725-e6eca01925
313,313.517333984375,307.5911865234375,model_20211002-162725-e6eca01925-c79f3cfedf,model_20211002-162725-e6eca01925
314,313.47174072265625,307.5814208984375,model_20211002-162725-e6eca01925-c79f3cfedf,model_20211002-162725-e6eca01925
315,313.4103698730469,307.57012939453125,model_20211002-162725-e6eca01925-c79f3cfedf,model_20211002-162725-e6eca01925
316,313.3583068847656,307.5582580566406,model_20211002-162725-e6eca01925-c79f3cfedf,model_20211002-162725-e6eca01925
317,313.3141174316406,307.5442810058594,model_20211002-162725-e6eca01925-c79f3cfedf,model_20211002-162725-e6eca01925
318,313.26690673828125,307.53155517578125,model_20211002-162725-e6eca01925-c79f3cfedf,model_20211002-162725-e6eca01925
319,313.2338562011719,307.5317687988281,model_20211002-162725-e6eca01925-c79f3cfedf,model_20211002-162725-e6eca01925
320,313.1863098144531,307.5241394042969,model_20211002-162725-e6eca01925-c79f3cfedf,model_20211002-162725-e6eca01925
321,313.120361328125,307.5149230957031,model_20211002-162725-e6eca01925-c79f3cfedf,model_20211002-162725-e6eca01925
322,313.0338439941406,307.4984436035156,model_20211002-162725-e6eca01925-c79f3cfedf,model_20211002-162725-e6eca01925
323,313.0175476074219,307.4928283691406,model_20211002-162725-e6eca01925-c79f3cfedf,model_20211002-162725-e6eca01925
324,312.9796447753906,307.48834228515625,model_20211002-162725-e6eca01925-c79f3cfedf,model_20211002-162725-e6eca01925
325,312.9274597167969,307.4777526855469,model_20211002-162725-e6eca01925-c79f3cfedf,model_20211002-162725-e6eca01925
326,312.89984130859375,307.470458984375,model_20211002-162725-e6eca01925-c79f3cfedf,model_20211002-162725-e6eca01925
327,312.8428955078125,307.4443054199219,model_20211002-162725-e6eca01925-c79f3cfedf,model_20211002-162725-e6eca01925
328,312.8003845214844,307.4380798339844,model_20211002-162725-e6eca01925-c79f3cfedf,model_20211002-162725-e6eca01925
329,312.76708984375,307.4337463378906,model_20211002-162725-e6eca01925-c79f3cfedf,model_20211002-162725-e6eca01925
330,312.7255554199219,307.4217834472656,model_20211002-162725-e6eca01925-c79f3cfedf,model_20211002-162725-e6eca01925
331,312.6881103515625,307.410888671875,model_20211002-162725-e6eca01925-c79f3cfedf,model_20211002-162725-e6eca01925
332,312.6463623046875,307.4084167480469,model_20211002-162725-e6eca01925-c79f3cfedf,model_20211002-162725-e6eca01925
333,312.602783203125,307.4017639160156,model_20211002-162725-e6eca01925-c79f3cfedf,model_20211002-162725-e6eca01925
334,312.54754638671875,307.38934326171875,model_20211002-162725-e6eca01925-c79f3cfedf,model_20211002-162725-e6eca01925
335,312.5118408203125,307.3815002441406,model_20211002-162725-e6eca01925-c79f3cfedf,model_20211002-162725-e6eca01925
336,312.46929931640625,307.3782958984375,model_20211002-162725-e6eca01925-c79f3cfedf,model_20211002-162725-e6eca01925
337,312.44415283203125,307.3664855957031,model_20211002-162725-e6eca01925-c79f3cfedf,model_20211002-162725-e6eca01925
338,312.39813232421875,307.3614807128906,model_20211002-162725-e6eca01925-c79f3cfedf,model_20211002-162725-e6eca01925
339,312.3017272949219,307.3489074707031,model_20211002-162725-e6eca01925-c79f3cfedf,model_20211002-162725-e6eca01925
340,312.2583923339844,307.3448181152344,model_20211002-162725-e6eca01925-c79f3cfedf,model_20211002-162725-e6eca01925
341,312.21063232421875,307.3443603515625,model_20211002-162725-e6eca01925-c79f3cfedf,model_20211002-162725-e6eca01925
342,312.180419921875,307.3374328613281,model_20211002-162725-e6eca01925-c79f3cfedf,model_20211002-162725-e6eca01925
343,312.1546630859375,307.3330993652344,model_20211002-162725-e6eca01925-c79f3cfedf,model_20211002-162725-e6eca01925
344,312.1240234375,307.331787109375,model_20211002-162725-e6eca01925-c79f3cfedf,model_20211002-162725-e6eca01925
345,0.0,0.0,model_20211002-162725-e6eca01925-c79f3cfedf,model_20211002-162725-e6eca01925
346,0.0,0.0,model_20211002-162725-e6eca01925-c79f3cfedf,model_20211002-162725-e6eca01925
347,0.0,0.0,model_20211002-162725-e6eca01925-c79f3cfedf,model_20211002-162725-e6eca01925
348,0.0,0.0,model_20211002-162725-e6eca01925-c79f3cfedf,model_20211002-162725-e6eca01925
349,0.0,0.0,model_20211002-162725-e6eca01925-c79f3cfedf,model_20211002-162725-e6eca01925
350,0.0,0.0,model_20211002-162725-e6eca01925-c79f3cfedf,model_20211002-162725-e6eca01925
351,0.0,0.0,model_20211002-162725-e6eca01925-c79f3cfedf,model_20211002-162725-e6eca01925
352,0.0,0.0,model_20211002-162725-e6eca01925-c79f3cfedf,model_20211002-162725-e6eca01925
353,0.0,0.0,model_20211002-162725-e6eca01925-c79f3cfedf,model_20211002-162725-e6eca01925
354,0.0,0.0,model_20211002-162725-e6eca01925-c79f3cfedf,model_20211002-162725-e6eca01925
355,0.0,0.0,model_20211002-162725-e6eca01925-c79f3cfedf,model_20211002-162725-e6eca01925
356,0.0,0.0,model_20211002-162725-e6eca01925-c79f3cfedf,model_20211002-162725-e6eca01925
357,0.0,0.0,model_20211002-162725-e6eca01925-c79f3cfedf,model_20211002-162725-e6eca01925
358,0.0,0.0,model_20211002-162725-e6eca01925-c79f3cfedf,model_20211002-162725-e6eca01925
359,0.0,0.0,model_20211002-162725-e6eca01925-c79f3cfedf,model_20211002-162725-e6eca01925
360,0.0,0.0,model_20211002-162725-e6eca01925-c79f3cfedf,model_20211002-162725-e6eca01925
361,0.0,0.0,model_20211002-162725-e6eca01925-c79f3cfedf,model_20211002-162725-e6eca01925
362,0.0,0.0,model_20211002-162725-e6eca01925-c79f3cfedf,model_20211002-162725-e6eca01925
363,0.0,0.0,model_20211002-162725-e6eca01925-c79f3cfedf,model_20211002-162725-e6eca01925
364,0.0,0.0,model_20211002-162725-e6eca01925-c79f3cfedf,model_20211002-162725-e6eca01925
365,0.0,0.0,model_20211002-162725-e6eca01925-c79f3cfedf,model_20211002-162725-e6eca01925
366,0.0,0.0,model_20211002-162725-e6eca01925-c79f3cfedf,model_20211002-162725-e6eca01925
367,0.0,0.0,model_20211002-162725-e6eca01925-c79f3cfedf,model_20211002-162725-e6eca01925
368,0.0,0.0,model_20211002-162725-e6eca01925-c79f3cfedf,model_20211002-162725-e6eca01925
369,0.0,0.0,model_20211002-162725-e6eca01925-c79f3cfedf,model_20211002-162725-e6eca01925
370,0.0,0.0,model_20211002-162725-e6eca01925-c79f3cfedf,model_20211002-162725-e6eca01925
371,0.0,0.0,model_20211002-162725-e6eca01925-c79f3cfedf,model_20211002-162725-e6eca01925
372,0.0,0.0,model_20211002-162725-e6eca01925-c79f3cfedf,model_20211002-162725-e6eca01925
373,0.0,0.0,model_20211002-162725-e6eca01925-c79f3cfedf,model_20211002-162725-e6eca01925
374,0.0,0.0,model_20211002-162725-e6eca01925-c79f3cfedf,model_20211002-162725-e6eca01925
375,0.0,0.0,model_20211002-162725-e6eca01925-c79f3cfedf,model_20211002-162725-e6eca01925
376,0.0,0.0,model_20211002-162725-e6eca01925-c79f3cfedf,model_20211002-162725-e6eca01925
377,0.0,0.0,model_20211002-162725-e6eca01925-c79f3cfedf,model_20211002-162725-e6eca01925
378,0.0,0.0,model_20211002-162725-e6eca01925-c79f3cfedf,model_20211002-162725-e6eca01925
379,0.0,0.0,model_20211002-162725-e6eca01925-c79f3cfedf,model_20211002-162725-e6eca01925
380,0.0,0.0,model_20211002-162725-e6eca01925-c79f3cfedf,model_20211002-162725-e6eca01925
381,0.0,0.0,model_20211002-162725-e6eca01925-c79f3cfedf,model_20211002-162725-e6eca01925
382,0.0,0.0,model_20211002-162725-e6eca01925-c79f3cfedf,model_20211002-162725-e6eca01925
383,0.0,0.0,model_20211002-162725-e6eca01925-c79f3cfedf,model_20211002-162725-e6eca01925
384,0.0,0.0,model_20211002-162725-e6eca01925-c79f3cfedf,model_20211002-162725-e6eca01925
385,0.0,0.0,model_20211002-162725-e6eca01925-c79f3cfedf,model_20211002-162725-e6eca01925
386,0.0,0.0,model_20211002-162725-e6eca01925-c79f3cfedf,model_20211002-162725-e6eca01925
387,0.0,0.0,model_20211002-162725-e6eca01925-c79f3cfedf,model_20211002-162725-e6eca01925
388,0.0,0.0,model_20211002-162725-e6eca01925-c79f3cfedf,model_20211002-162725-e6eca01925
389,0.0,0.0,model_20211002-162725-e6eca01925-c79f3cfedf,model_20211002-162725-e6eca01925
