,train_summaries,test_summaries,trial_id,parent_study_id
0,857.7940673828125,826.6543579101562,model_20210922-060329-305ab8720f-700e06c5e7,model_20210922-060329-305ab8720f
1,792.1253662109375,766.15234375,model_20210922-060329-305ab8720f-700e06c5e7,model_20210922-060329-305ab8720f
2,732.3146362304688,711.0320434570312,model_20210922-060329-305ab8720f-700e06c5e7,model_20210922-060329-305ab8720f
3,677.9166259765625,660.821533203125,model_20210922-060329-305ab8720f-700e06c5e7,model_20210922-060329-305ab8720f
4,628.474853515625,615.1520385742188,model_20210922-060329-305ab8720f-700e06c5e7,model_20210922-060329-305ab8720f
5,583.61279296875,573.6519775390625,model_20210922-060329-305ab8720f-700e06c5e7,model_20210922-060329-305ab8720f
6,542.978515625,535.9844970703125,model_20210922-060329-305ab8720f-700e06c5e7,model_20210922-060329-305ab8720f
7,506.19158935546875,501.7916564941406,model_20210922-060329-305ab8720f-700e06c5e7,model_20210922-060329-305ab8720f
8,473.03997802734375,470.9005126953125,model_20210922-060329-305ab8720f-700e06c5e7,model_20210922-060329-305ab8720f
9,443.1463317871094,442.9261779785156,model_20210922-060329-305ab8720f-700e06c5e7,model_20210922-060329-305ab8720f
10,416.28631591796875,417.7250061035156,model_20210922-060329-305ab8720f-700e06c5e7,model_20210922-060329-305ab8720f
11,392.2120056152344,394.995361328125,model_20210922-060329-305ab8720f-700e06c5e7,model_20210922-060329-305ab8720f
12,370.6855163574219,374.57867431640625,model_20210922-060329-305ab8720f-700e06c5e7,model_20210922-060329-305ab8720f
13,351.4831237792969,356.27801513671875,model_20210922-060329-305ab8720f-700e06c5e7,model_20210922-060329-305ab8720f
14,334.3403015136719,339.80535888671875,model_20210922-060329-305ab8720f-700e06c5e7,model_20210922-060329-305ab8720f
15,319.2359924316406,325.1324157714844,model_20210922-060329-305ab8720f-700e06c5e7,model_20210922-060329-305ab8720f
16,305.82855224609375,311.967529296875,model_20210922-060329-305ab8720f-700e06c5e7,model_20210922-060329-305ab8720f
17,294.0714416503906,300.2870788574219,model_20210922-060329-305ab8720f-700e06c5e7,model_20210922-060329-305ab8720f
18,283.6351623535156,289.7959899902344,model_20210922-060329-305ab8720f-700e06c5e7,model_20210922-060329-305ab8720f
19,274.4881896972656,280.51434326171875,model_20210922-060329-305ab8720f-700e06c5e7,model_20210922-060329-305ab8720f
20,266.4838562011719,272.2420654296875,model_20210922-060329-305ab8720f-700e06c5e7,model_20210922-060329-305ab8720f
21,259.4815673828125,264.9020080566406,model_20210922-060329-305ab8720f-700e06c5e7,model_20210922-060329-305ab8720f
22,253.40208435058594,258.4347229003906,model_20210922-060329-305ab8720f-700e06c5e7,model_20210922-060329-305ab8720f
23,248.10934448242188,252.67971801757812,model_20210922-060329-305ab8720f-700e06c5e7,model_20210922-060329-305ab8720f
24,243.516357421875,247.5499267578125,model_20210922-060329-305ab8720f-700e06c5e7,model_20210922-060329-305ab8720f
25,239.4077606201172,242.98269653320312,model_20210922-060329-305ab8720f-700e06c5e7,model_20210922-060329-305ab8720f
26,235.84237670898438,238.91883850097656,model_20210922-060329-305ab8720f-700e06c5e7,model_20210922-060329-305ab8720f
27,232.8038787841797,235.3810272216797,model_20210922-060329-305ab8720f-700e06c5e7,model_20210922-060329-305ab8720f
28,230.1063690185547,232.1806182861328,model_20210922-060329-305ab8720f-700e06c5e7,model_20210922-060329-305ab8720f
29,227.7277069091797,229.32960510253906,model_20210922-060329-305ab8720f-700e06c5e7,model_20210922-060329-305ab8720f
30,225.7077178955078,226.84938049316406,model_20210922-060329-305ab8720f-700e06c5e7,model_20210922-060329-305ab8720f
31,223.9723663330078,224.6483612060547,model_20210922-060329-305ab8720f-700e06c5e7,model_20210922-060329-305ab8720f
32,222.40586853027344,222.66098022460938,model_20210922-060329-305ab8720f-700e06c5e7,model_20210922-060329-305ab8720f
33,220.9149169921875,220.8458709716797,model_20210922-060329-305ab8720f-700e06c5e7,model_20210922-060329-305ab8720f
34,219.57626342773438,219.21253967285156,model_20210922-060329-305ab8720f-700e06c5e7,model_20210922-060329-305ab8720f
35,218.40232849121094,217.76382446289062,model_20210922-060329-305ab8720f-700e06c5e7,model_20210922-060329-305ab8720f
36,217.24571228027344,216.3795166015625,model_20210922-060329-305ab8720f-700e06c5e7,model_20210922-060329-305ab8720f
37,216.22462463378906,215.13973999023438,model_20210922-060329-305ab8720f-700e06c5e7,model_20210922-060329-305ab8720f
38,215.4342498779297,214.08335876464844,model_20210922-060329-305ab8720f-700e06c5e7,model_20210922-060329-305ab8720f
39,214.65818786621094,213.14193725585938,model_20210922-060329-305ab8720f-700e06c5e7,model_20210922-060329-305ab8720f
40,213.9120635986328,212.25823974609375,model_20210922-060329-305ab8720f-700e06c5e7,model_20210922-060329-305ab8720f
41,213.21202087402344,211.44712829589844,model_20210922-060329-305ab8720f-700e06c5e7,model_20210922-060329-305ab8720f
42,212.6170654296875,210.69447326660156,model_20210922-060329-305ab8720f-700e06c5e7,model_20210922-060329-305ab8720f
43,212.12466430664062,210.0691680908203,model_20210922-060329-305ab8720f-700e06c5e7,model_20210922-060329-305ab8720f
44,211.54344177246094,209.45176696777344,model_20210922-060329-305ab8720f-700e06c5e7,model_20210922-060329-305ab8720f
45,211.08226013183594,208.92872619628906,model_20210922-060329-305ab8720f-700e06c5e7,model_20210922-060329-305ab8720f
46,210.64288330078125,208.4149169921875,model_20210922-060329-305ab8720f-700e06c5e7,model_20210922-060329-305ab8720f
47,210.19125366210938,207.94808959960938,model_20210922-060329-305ab8720f-700e06c5e7,model_20210922-060329-305ab8720f
48,209.8075714111328,207.5462646484375,model_20210922-060329-305ab8720f-700e06c5e7,model_20210922-060329-305ab8720f
49,209.37838745117188,207.11904907226562,model_20210922-060329-305ab8720f-700e06c5e7,model_20210922-060329-305ab8720f
50,208.96463012695312,206.73068237304688,model_20210922-060329-305ab8720f-700e06c5e7,model_20210922-060329-305ab8720f
51,208.62855529785156,206.39854431152344,model_20210922-060329-305ab8720f-700e06c5e7,model_20210922-060329-305ab8720f
52,208.24588012695312,206.0519561767578,model_20210922-060329-305ab8720f-700e06c5e7,model_20210922-060329-305ab8720f
53,207.95033264160156,205.791015625,model_20210922-060329-305ab8720f-700e06c5e7,model_20210922-060329-305ab8720f
54,207.60658264160156,205.49623107910156,model_20210922-060329-305ab8720f-700e06c5e7,model_20210922-060329-305ab8720f
55,207.32969665527344,205.2683563232422,model_20210922-060329-305ab8720f-700e06c5e7,model_20210922-060329-305ab8720f
56,207.0991668701172,205.03976440429688,model_20210922-060329-305ab8720f-700e06c5e7,model_20210922-060329-305ab8720f
57,206.8213653564453,204.8042755126953,model_20210922-060329-305ab8720f-700e06c5e7,model_20210922-060329-305ab8720f
58,206.54403686523438,204.56130981445312,model_20210922-060329-305ab8720f-700e06c5e7,model_20210922-060329-305ab8720f
59,206.324462890625,204.37661743164062,model_20210922-060329-305ab8720f-700e06c5e7,model_20210922-060329-305ab8720f
60,206.05958557128906,204.19461059570312,model_20210922-060329-305ab8720f-700e06c5e7,model_20210922-060329-305ab8720f
61,205.80718994140625,204.0025634765625,model_20210922-060329-305ab8720f-700e06c5e7,model_20210922-060329-305ab8720f
62,205.49143981933594,203.79278564453125,model_20210922-060329-305ab8720f-700e06c5e7,model_20210922-060329-305ab8720f
63,205.2747344970703,203.65354919433594,model_20210922-060329-305ab8720f-700e06c5e7,model_20210922-060329-305ab8720f
64,205.13607788085938,203.5257568359375,model_20210922-060329-305ab8720f-700e06c5e7,model_20210922-060329-305ab8720f
65,204.9105224609375,203.35520935058594,model_20210922-060329-305ab8720f-700e06c5e7,model_20210922-060329-305ab8720f
66,204.6870880126953,203.2007293701172,model_20210922-060329-305ab8720f-700e06c5e7,model_20210922-060329-305ab8720f
67,204.3729705810547,203.05831909179688,model_20210922-060329-305ab8720f-700e06c5e7,model_20210922-060329-305ab8720f
68,204.1549835205078,202.90345764160156,model_20210922-060329-305ab8720f-700e06c5e7,model_20210922-060329-305ab8720f
69,203.82745361328125,202.75985717773438,model_20210922-060329-305ab8720f-700e06c5e7,model_20210922-060329-305ab8720f
70,203.65652465820312,202.6385955810547,model_20210922-060329-305ab8720f-700e06c5e7,model_20210922-060329-305ab8720f
71,203.442138671875,202.51779174804688,model_20210922-060329-305ab8720f-700e06c5e7,model_20210922-060329-305ab8720f
72,203.25741577148438,202.3941650390625,model_20210922-060329-305ab8720f-700e06c5e7,model_20210922-060329-305ab8720f
73,203.04513549804688,202.27012634277344,model_20210922-060329-305ab8720f-700e06c5e7,model_20210922-060329-305ab8720f
74,202.90017700195312,202.1824493408203,model_20210922-060329-305ab8720f-700e06c5e7,model_20210922-060329-305ab8720f
75,202.61962890625,202.1180877685547,model_20210922-060329-305ab8720f-700e06c5e7,model_20210922-060329-305ab8720f
76,202.4253387451172,201.9934539794922,model_20210922-060329-305ab8720f-700e06c5e7,model_20210922-060329-305ab8720f
77,202.2668914794922,201.89984130859375,model_20210922-060329-305ab8720f-700e06c5e7,model_20210922-060329-305ab8720f
78,202.09738159179688,201.7879180908203,model_20210922-060329-305ab8720f-700e06c5e7,model_20210922-060329-305ab8720f
79,201.879638671875,201.68356323242188,model_20210922-060329-305ab8720f-700e06c5e7,model_20210922-060329-305ab8720f
80,201.77066040039062,201.62648010253906,model_20210922-060329-305ab8720f-700e06c5e7,model_20210922-060329-305ab8720f
81,201.6322784423828,201.55120849609375,model_20210922-060329-305ab8720f-700e06c5e7,model_20210922-060329-305ab8720f
82,201.48797607421875,201.45684814453125,model_20210922-060329-305ab8720f-700e06c5e7,model_20210922-060329-305ab8720f
83,201.3509063720703,201.38584899902344,model_20210922-060329-305ab8720f-700e06c5e7,model_20210922-060329-305ab8720f
84,201.22195434570312,201.310546875,model_20210922-060329-305ab8720f-700e06c5e7,model_20210922-060329-305ab8720f
85,201.09649658203125,201.2397003173828,model_20210922-060329-305ab8720f-700e06c5e7,model_20210922-060329-305ab8720f
86,200.89212036132812,201.20135498046875,model_20210922-060329-305ab8720f-700e06c5e7,model_20210922-060329-305ab8720f
87,200.78086853027344,201.1539306640625,model_20210922-060329-305ab8720f-700e06c5e7,model_20210922-060329-305ab8720f
88,200.62530517578125,201.08140563964844,model_20210922-060329-305ab8720f-700e06c5e7,model_20210922-060329-305ab8720f
89,200.444580078125,201.0506591796875,model_20210922-060329-305ab8720f-700e06c5e7,model_20210922-060329-305ab8720f
90,200.35231018066406,201.00662231445312,model_20210922-060329-305ab8720f-700e06c5e7,model_20210922-060329-305ab8720f
91,200.23892211914062,200.9534912109375,model_20210922-060329-305ab8720f-700e06c5e7,model_20210922-060329-305ab8720f
92,200.07962036132812,200.86972045898438,model_20210922-060329-305ab8720f-700e06c5e7,model_20210922-060329-305ab8720f
93,199.96327209472656,200.80613708496094,model_20210922-060329-305ab8720f-700e06c5e7,model_20210922-060329-305ab8720f
94,199.7838897705078,200.71426391601562,model_20210922-060329-305ab8720f-700e06c5e7,model_20210922-060329-305ab8720f
95,199.6716766357422,200.66046142578125,model_20210922-060329-305ab8720f-700e06c5e7,model_20210922-060329-305ab8720f
96,199.57412719726562,200.613037109375,model_20210922-060329-305ab8720f-700e06c5e7,model_20210922-060329-305ab8720f
97,199.46458435058594,200.5677947998047,model_20210922-060329-305ab8720f-700e06c5e7,model_20210922-060329-305ab8720f
98,199.35389709472656,200.5118408203125,model_20210922-060329-305ab8720f-700e06c5e7,model_20210922-060329-305ab8720f
99,199.25221252441406,200.4610595703125,model_20210922-060329-305ab8720f-700e06c5e7,model_20210922-060329-305ab8720f
100,199.17184448242188,200.43299865722656,model_20210922-060329-305ab8720f-700e06c5e7,model_20210922-060329-305ab8720f
101,199.07225036621094,200.38601684570312,model_20210922-060329-305ab8720f-700e06c5e7,model_20210922-060329-305ab8720f
102,198.99549865722656,200.35360717773438,model_20210922-060329-305ab8720f-700e06c5e7,model_20210922-060329-305ab8720f
103,198.87203979492188,200.28941345214844,model_20210922-060329-305ab8720f-700e06c5e7,model_20210922-060329-305ab8720f
104,198.7616729736328,200.23995971679688,model_20210922-060329-305ab8720f-700e06c5e7,model_20210922-060329-305ab8720f
105,198.67909240722656,200.21495056152344,model_20210922-060329-305ab8720f-700e06c5e7,model_20210922-060329-305ab8720f
106,198.59815979003906,200.16900634765625,model_20210922-060329-305ab8720f-700e06c5e7,model_20210922-060329-305ab8720f
107,198.47982788085938,200.1195831298828,model_20210922-060329-305ab8720f-700e06c5e7,model_20210922-060329-305ab8720f
108,198.41217041015625,200.09664916992188,model_20210922-060329-305ab8720f-700e06c5e7,model_20210922-060329-305ab8720f
109,198.33029174804688,200.06626892089844,model_20210922-060329-305ab8720f-700e06c5e7,model_20210922-060329-305ab8720f
110,198.25604248046875,200.0426483154297,model_20210922-060329-305ab8720f-700e06c5e7,model_20210922-060329-305ab8720f
111,198.08770751953125,199.93838500976562,model_20210922-060329-305ab8720f-700e06c5e7,model_20210922-060329-305ab8720f
112,198.0104522705078,199.90875244140625,model_20210922-060329-305ab8720f-700e06c5e7,model_20210922-060329-305ab8720f
113,197.91485595703125,199.8748779296875,model_20210922-060329-305ab8720f-700e06c5e7,model_20210922-060329-305ab8720f
114,197.8335418701172,199.83151245117188,model_20210922-060329-305ab8720f-700e06c5e7,model_20210922-060329-305ab8720f
115,197.67552185058594,199.78204345703125,model_20210922-060329-305ab8720f-700e06c5e7,model_20210922-060329-305ab8720f
116,197.57138061523438,199.7474365234375,model_20210922-060329-305ab8720f-700e06c5e7,model_20210922-060329-305ab8720f
117,197.50453186035156,199.7262420654297,model_20210922-060329-305ab8720f-700e06c5e7,model_20210922-060329-305ab8720f
118,197.4187774658203,199.7080841064453,model_20210922-060329-305ab8720f-700e06c5e7,model_20210922-060329-305ab8720f
119,197.2634735107422,199.6402587890625,model_20210922-060329-305ab8720f-700e06c5e7,model_20210922-060329-305ab8720f
120,197.1910400390625,199.60482788085938,model_20210922-060329-305ab8720f-700e06c5e7,model_20210922-060329-305ab8720f
121,197.06019592285156,199.5679473876953,model_20210922-060329-305ab8720f-700e06c5e7,model_20210922-060329-305ab8720f
122,196.97239685058594,199.54100036621094,model_20210922-060329-305ab8720f-700e06c5e7,model_20210922-060329-305ab8720f
123,196.91578674316406,199.52474975585938,model_20210922-060329-305ab8720f-700e06c5e7,model_20210922-060329-305ab8720f
124,196.79486083984375,199.49656677246094,model_20210922-060329-305ab8720f-700e06c5e7,model_20210922-060329-305ab8720f
125,196.7353515625,199.47731018066406,model_20210922-060329-305ab8720f-700e06c5e7,model_20210922-060329-305ab8720f
126,196.61952209472656,199.44798278808594,model_20210922-060329-305ab8720f-700e06c5e7,model_20210922-060329-305ab8720f
127,196.56399536132812,199.44215393066406,model_20210922-060329-305ab8720f-700e06c5e7,model_20210922-060329-305ab8720f
128,196.43226623535156,199.3794403076172,model_20210922-060329-305ab8720f-700e06c5e7,model_20210922-060329-305ab8720f
129,196.3726348876953,199.36569213867188,model_20210922-060329-305ab8720f-700e06c5e7,model_20210922-060329-305ab8720f
130,196.29495239257812,199.3385772705078,model_20210922-060329-305ab8720f-700e06c5e7,model_20210922-060329-305ab8720f
131,196.19802856445312,199.31793212890625,model_20210922-060329-305ab8720f-700e06c5e7,model_20210922-060329-305ab8720f
132,196.1055145263672,199.2564697265625,model_20210922-060329-305ab8720f-700e06c5e7,model_20210922-060329-305ab8720f
133,196.0237274169922,199.23252868652344,model_20210922-060329-305ab8720f-700e06c5e7,model_20210922-060329-305ab8720f
134,195.96018981933594,199.21922302246094,model_20210922-060329-305ab8720f-700e06c5e7,model_20210922-060329-305ab8720f
135,195.8853302001953,199.20440673828125,model_20210922-060329-305ab8720f-700e06c5e7,model_20210922-060329-305ab8720f
136,195.6884002685547,199.19906616210938,model_20210922-060329-305ab8720f-700e06c5e7,model_20210922-060329-305ab8720f
137,195.60858154296875,199.16867065429688,model_20210922-060329-305ab8720f-700e06c5e7,model_20210922-060329-305ab8720f
138,195.53839111328125,199.14894104003906,model_20210922-060329-305ab8720f-700e06c5e7,model_20210922-060329-305ab8720f
139,195.4680938720703,199.1278076171875,model_20210922-060329-305ab8720f-700e06c5e7,model_20210922-060329-305ab8720f
140,195.41709899902344,199.11302185058594,model_20210922-060329-305ab8720f-700e06c5e7,model_20210922-060329-305ab8720f
141,195.3635711669922,199.09381103515625,model_20210922-060329-305ab8720f-700e06c5e7,model_20210922-060329-305ab8720f
142,195.2991943359375,199.0627899169922,model_20210922-060329-305ab8720f-700e06c5e7,model_20210922-060329-305ab8720f
143,195.21871948242188,198.99827575683594,model_20210922-060329-305ab8720f-700e06c5e7,model_20210922-060329-305ab8720f
144,195.14898681640625,198.99331665039062,model_20210922-060329-305ab8720f-700e06c5e7,model_20210922-060329-305ab8720f
145,195.0586395263672,198.96875,model_20210922-060329-305ab8720f-700e06c5e7,model_20210922-060329-305ab8720f
146,194.99224853515625,198.9542999267578,model_20210922-060329-305ab8720f-700e06c5e7,model_20210922-060329-305ab8720f
147,194.926025390625,198.94125366210938,model_20210922-060329-305ab8720f-700e06c5e7,model_20210922-060329-305ab8720f
148,194.79725646972656,198.90760803222656,model_20210922-060329-305ab8720f-700e06c5e7,model_20210922-060329-305ab8720f
149,194.72052001953125,198.8804473876953,model_20210922-060329-305ab8720f-700e06c5e7,model_20210922-060329-305ab8720f
150,194.6578369140625,198.8585662841797,model_20210922-060329-305ab8720f-700e06c5e7,model_20210922-060329-305ab8720f
151,194.61241149902344,198.8479766845703,model_20210922-060329-305ab8720f-700e06c5e7,model_20210922-060329-305ab8720f
152,194.55178833007812,198.81668090820312,model_20210922-060329-305ab8720f-700e06c5e7,model_20210922-060329-305ab8720f
153,194.49998474121094,198.80966186523438,model_20210922-060329-305ab8720f-700e06c5e7,model_20210922-060329-305ab8720f
154,194.431396484375,198.7941436767578,model_20210922-060329-305ab8720f-700e06c5e7,model_20210922-060329-305ab8720f
155,194.32278442382812,198.75418090820312,model_20210922-060329-305ab8720f-700e06c5e7,model_20210922-060329-305ab8720f
156,194.2567901611328,198.73377990722656,model_20210922-060329-305ab8720f-700e06c5e7,model_20210922-060329-305ab8720f
157,194.18600463867188,198.70669555664062,model_20210922-060329-305ab8720f-700e06c5e7,model_20210922-060329-305ab8720f
158,194.1031036376953,198.6623992919922,model_20210922-060329-305ab8720f-700e06c5e7,model_20210922-060329-305ab8720f
159,194.0513916015625,198.6503448486328,model_20210922-060329-305ab8720f-700e06c5e7,model_20210922-060329-305ab8720f
160,193.99786376953125,198.63519287109375,model_20210922-060329-305ab8720f-700e06c5e7,model_20210922-060329-305ab8720f
161,193.91989135742188,198.60084533691406,model_20210922-060329-305ab8720f-700e06c5e7,model_20210922-060329-305ab8720f
162,193.87416076660156,198.5996856689453,model_20210922-060329-305ab8720f-700e06c5e7,model_20210922-060329-305ab8720f
163,193.81564331054688,198.56661987304688,model_20210922-060329-305ab8720f-700e06c5e7,model_20210922-060329-305ab8720f
164,193.75875854492188,198.5506591796875,model_20210922-060329-305ab8720f-700e06c5e7,model_20210922-060329-305ab8720f
165,193.7106475830078,198.54425048828125,model_20210922-060329-305ab8720f-700e06c5e7,model_20210922-060329-305ab8720f
166,193.66217041015625,198.51182556152344,model_20210922-060329-305ab8720f-700e06c5e7,model_20210922-060329-305ab8720f
167,193.58865356445312,198.48658752441406,model_20210922-060329-305ab8720f-700e06c5e7,model_20210922-060329-305ab8720f
168,193.53355407714844,198.47930908203125,model_20210922-060329-305ab8720f-700e06c5e7,model_20210922-060329-305ab8720f
169,193.40908813476562,198.44871520996094,model_20210922-060329-305ab8720f-700e06c5e7,model_20210922-060329-305ab8720f
170,193.3362274169922,198.41885375976562,model_20210922-060329-305ab8720f-700e06c5e7,model_20210922-060329-305ab8720f
171,193.28704833984375,198.40330505371094,model_20210922-060329-305ab8720f-700e06c5e7,model_20210922-060329-305ab8720f
172,193.22763061523438,198.4119110107422,model_20210922-060329-305ab8720f-700e06c5e7,model_20210922-060329-305ab8720f
173,193.1959686279297,198.41062927246094,model_20210922-060329-305ab8720f-700e06c5e7,model_20210922-060329-305ab8720f
174,193.15347290039062,198.4031524658203,model_20210922-060329-305ab8720f-700e06c5e7,model_20210922-060329-305ab8720f
175,193.09722900390625,198.38436889648438,model_20210922-060329-305ab8720f-700e06c5e7,model_20210922-060329-305ab8720f
176,193.01174926757812,198.3501739501953,model_20210922-060329-305ab8720f-700e06c5e7,model_20210922-060329-305ab8720f
177,192.8975830078125,198.32664489746094,model_20210922-060329-305ab8720f-700e06c5e7,model_20210922-060329-305ab8720f
178,192.83859252929688,198.3015899658203,model_20210922-060329-305ab8720f-700e06c5e7,model_20210922-060329-305ab8720f
179,192.79690551757812,198.29888916015625,model_20210922-060329-305ab8720f-700e06c5e7,model_20210922-060329-305ab8720f
180,192.75059509277344,198.28269958496094,model_20210922-060329-305ab8720f-700e06c5e7,model_20210922-060329-305ab8720f
181,192.7128448486328,198.28086853027344,model_20210922-060329-305ab8720f-700e06c5e7,model_20210922-060329-305ab8720f
182,192.6485595703125,198.2655487060547,model_20210922-060329-305ab8720f-700e06c5e7,model_20210922-060329-305ab8720f
183,192.58563232421875,198.24365234375,model_20210922-060329-305ab8720f-700e06c5e7,model_20210922-060329-305ab8720f
184,192.52662658691406,198.22418212890625,model_20210922-060329-305ab8720f-700e06c5e7,model_20210922-060329-305ab8720f
185,192.4180908203125,198.2071075439453,model_20210922-060329-305ab8720f-700e06c5e7,model_20210922-060329-305ab8720f
186,192.24481201171875,198.1320037841797,model_20210922-060329-305ab8720f-700e06c5e7,model_20210922-060329-305ab8720f
187,192.19383239746094,198.12002563476562,model_20210922-060329-305ab8720f-700e06c5e7,model_20210922-060329-305ab8720f
188,192.13479614257812,198.0980987548828,model_20210922-060329-305ab8720f-700e06c5e7,model_20210922-060329-305ab8720f
189,192.0809783935547,198.09457397460938,model_20210922-060329-305ab8720f-700e06c5e7,model_20210922-060329-305ab8720f
190,192.0426025390625,198.08364868164062,model_20210922-060329-305ab8720f-700e06c5e7,model_20210922-060329-305ab8720f
191,191.93531799316406,198.03622436523438,model_20210922-060329-305ab8720f-700e06c5e7,model_20210922-060329-305ab8720f
192,191.8759002685547,198.00692749023438,model_20210922-060329-305ab8720f-700e06c5e7,model_20210922-060329-305ab8720f
193,191.83758544921875,197.9990997314453,model_20210922-060329-305ab8720f-700e06c5e7,model_20210922-060329-305ab8720f
194,191.78131103515625,198.0107879638672,model_20210922-060329-305ab8720f-700e06c5e7,model_20210922-060329-305ab8720f
195,191.74415588378906,198.00718688964844,model_20210922-060329-305ab8720f-700e06c5e7,model_20210922-060329-305ab8720f
196,191.6875762939453,197.9971466064453,model_20210922-060329-305ab8720f-700e06c5e7,model_20210922-060329-305ab8720f
197,191.64395141601562,197.9772491455078,model_20210922-060329-305ab8720f-700e06c5e7,model_20210922-060329-305ab8720f
198,191.5723419189453,197.9589080810547,model_20210922-060329-305ab8720f-700e06c5e7,model_20210922-060329-305ab8720f
199,191.5247039794922,197.95204162597656,model_20210922-060329-305ab8720f-700e06c5e7,model_20210922-060329-305ab8720f
200,191.4627685546875,197.93392944335938,model_20210922-060329-305ab8720f-700e06c5e7,model_20210922-060329-305ab8720f
201,191.42771911621094,197.92869567871094,model_20210922-060329-305ab8720f-700e06c5e7,model_20210922-060329-305ab8720f
202,191.41152954101562,197.92681884765625,model_20210922-060329-305ab8720f-700e06c5e7,model_20210922-060329-305ab8720f
203,191.36163330078125,197.89112854003906,model_20210922-060329-305ab8720f-700e06c5e7,model_20210922-060329-305ab8720f
204,191.30072021484375,197.8852081298828,model_20210922-060329-305ab8720f-700e06c5e7,model_20210922-060329-305ab8720f
205,191.26792907714844,197.88107299804688,model_20210922-060329-305ab8720f-700e06c5e7,model_20210922-060329-305ab8720f
206,191.2371368408203,197.87684631347656,model_20210922-060329-305ab8720f-700e06c5e7,model_20210922-060329-305ab8720f
207,191.2046661376953,197.85858154296875,model_20210922-060329-305ab8720f-700e06c5e7,model_20210922-060329-305ab8720f
208,191.15362548828125,197.8489532470703,model_20210922-060329-305ab8720f-700e06c5e7,model_20210922-060329-305ab8720f
209,191.1173095703125,197.8321533203125,model_20210922-060329-305ab8720f-700e06c5e7,model_20210922-060329-305ab8720f
210,191.08038330078125,197.82272338867188,model_20210922-060329-305ab8720f-700e06c5e7,model_20210922-060329-305ab8720f
211,191.04324340820312,197.8013153076172,model_20210922-060329-305ab8720f-700e06c5e7,model_20210922-060329-305ab8720f
212,190.9616241455078,197.7856903076172,model_20210922-060329-305ab8720f-700e06c5e7,model_20210922-060329-305ab8720f
213,190.87876892089844,197.76663208007812,model_20210922-060329-305ab8720f-700e06c5e7,model_20210922-060329-305ab8720f
214,190.82568359375,197.73873901367188,model_20210922-060329-305ab8720f-700e06c5e7,model_20210922-060329-305ab8720f
215,190.772705078125,197.7294464111328,model_20210922-060329-305ab8720f-700e06c5e7,model_20210922-060329-305ab8720f
216,190.7313995361328,197.723388671875,model_20210922-060329-305ab8720f-700e06c5e7,model_20210922-060329-305ab8720f
217,190.6597137451172,197.7010498046875,model_20210922-060329-305ab8720f-700e06c5e7,model_20210922-060329-305ab8720f
218,190.626220703125,197.69505310058594,model_20210922-060329-305ab8720f-700e06c5e7,model_20210922-060329-305ab8720f
219,190.57911682128906,197.68565368652344,model_20210922-060329-305ab8720f-700e06c5e7,model_20210922-060329-305ab8720f
220,190.5408172607422,197.6893768310547,model_20210922-060329-305ab8720f-700e06c5e7,model_20210922-060329-305ab8720f
221,190.47930908203125,197.67274475097656,model_20210922-060329-305ab8720f-700e06c5e7,model_20210922-060329-305ab8720f
222,190.43911743164062,197.66461181640625,model_20210922-060329-305ab8720f-700e06c5e7,model_20210922-060329-305ab8720f
223,190.38217163085938,197.65020751953125,model_20210922-060329-305ab8720f-700e06c5e7,model_20210922-060329-305ab8720f
224,190.3387451171875,197.64578247070312,model_20210922-060329-305ab8720f-700e06c5e7,model_20210922-060329-305ab8720f
225,190.29660034179688,197.63462829589844,model_20210922-060329-305ab8720f-700e06c5e7,model_20210922-060329-305ab8720f
226,190.23699951171875,197.6261444091797,model_20210922-060329-305ab8720f-700e06c5e7,model_20210922-060329-305ab8720f
227,190.1682891845703,197.61888122558594,model_20210922-060329-305ab8720f-700e06c5e7,model_20210922-060329-305ab8720f
228,190.1332550048828,197.6082305908203,model_20210922-060329-305ab8720f-700e06c5e7,model_20210922-060329-305ab8720f
229,190.11297607421875,197.60263061523438,model_20210922-060329-305ab8720f-700e06c5e7,model_20210922-060329-305ab8720f
230,190.06820678710938,197.59396362304688,model_20210922-060329-305ab8720f-700e06c5e7,model_20210922-060329-305ab8720f
231,190.02151489257812,197.58935546875,model_20210922-060329-305ab8720f-700e06c5e7,model_20210922-060329-305ab8720f
232,189.97596740722656,197.57778930664062,model_20210922-060329-305ab8720f-700e06c5e7,model_20210922-060329-305ab8720f
233,189.9457550048828,197.57518005371094,model_20210922-060329-305ab8720f-700e06c5e7,model_20210922-060329-305ab8720f
234,189.87095642089844,197.53125,model_20210922-060329-305ab8720f-700e06c5e7,model_20210922-060329-305ab8720f
235,189.8227081298828,197.5209503173828,model_20210922-060329-305ab8720f-700e06c5e7,model_20210922-060329-305ab8720f
236,189.7899169921875,197.517578125,model_20210922-060329-305ab8720f-700e06c5e7,model_20210922-060329-305ab8720f
237,189.68429565429688,197.4993438720703,model_20210922-060329-305ab8720f-700e06c5e7,model_20210922-060329-305ab8720f
238,189.65196228027344,197.496337890625,model_20210922-060329-305ab8720f-700e06c5e7,model_20210922-060329-305ab8720f
239,189.61692810058594,197.5031280517578,model_20210922-060329-305ab8720f-700e06c5e7,model_20210922-060329-305ab8720f
240,189.60304260253906,197.50050354003906,model_20210922-060329-305ab8720f-700e06c5e7,model_20210922-060329-305ab8720f
241,189.59445190429688,197.4960479736328,model_20210922-060329-305ab8720f-700e06c5e7,model_20210922-060329-305ab8720f
242,189.57107543945312,197.4799041748047,model_20210922-060329-305ab8720f-700e06c5e7,model_20210922-060329-305ab8720f
243,189.51919555664062,197.4884490966797,model_20210922-060329-305ab8720f-700e06c5e7,model_20210922-060329-305ab8720f
244,189.48089599609375,197.4614715576172,model_20210922-060329-305ab8720f-700e06c5e7,model_20210922-060329-305ab8720f
245,189.42962646484375,197.4578399658203,model_20210922-060329-305ab8720f-700e06c5e7,model_20210922-060329-305ab8720f
246,189.38975524902344,197.46559143066406,model_20210922-060329-305ab8720f-700e06c5e7,model_20210922-060329-305ab8720f
247,189.35324096679688,197.45797729492188,model_20210922-060329-305ab8720f-700e06c5e7,model_20210922-060329-305ab8720f
248,189.24778747558594,197.4073028564453,model_20210922-060329-305ab8720f-700e06c5e7,model_20210922-060329-305ab8720f
249,189.19406127929688,197.39979553222656,model_20210922-060329-305ab8720f-700e06c5e7,model_20210922-060329-305ab8720f
250,189.158203125,197.3894805908203,model_20210922-060329-305ab8720f-700e06c5e7,model_20210922-060329-305ab8720f
251,189.11309814453125,197.38644409179688,model_20210922-060329-305ab8720f-700e06c5e7,model_20210922-060329-305ab8720f
252,189.08230590820312,197.38221740722656,model_20210922-060329-305ab8720f-700e06c5e7,model_20210922-060329-305ab8720f
253,189.0550537109375,197.37265014648438,model_20210922-060329-305ab8720f-700e06c5e7,model_20210922-060329-305ab8720f
254,189.0240936279297,197.36875915527344,model_20210922-060329-305ab8720f-700e06c5e7,model_20210922-060329-305ab8720f
255,188.9981231689453,197.3636932373047,model_20210922-060329-305ab8720f-700e06c5e7,model_20210922-060329-305ab8720f
256,188.990478515625,197.35800170898438,model_20210922-060329-305ab8720f-700e06c5e7,model_20210922-060329-305ab8720f
257,188.9466552734375,197.3510284423828,model_20210922-060329-305ab8720f-700e06c5e7,model_20210922-060329-305ab8720f
258,188.9134063720703,197.34683227539062,model_20210922-060329-305ab8720f-700e06c5e7,model_20210922-060329-305ab8720f
259,188.8265838623047,197.29727172851562,model_20210922-060329-305ab8720f-700e06c5e7,model_20210922-060329-305ab8720f
260,188.78395080566406,197.30203247070312,model_20210922-060329-305ab8720f-700e06c5e7,model_20210922-060329-305ab8720f
261,188.75367736816406,197.2884521484375,model_20210922-060329-305ab8720f-700e06c5e7,model_20210922-060329-305ab8720f
262,188.70196533203125,197.275390625,model_20210922-060329-305ab8720f-700e06c5e7,model_20210922-060329-305ab8720f
263,188.66384887695312,197.27125549316406,model_20210922-060329-305ab8720f-700e06c5e7,model_20210922-060329-305ab8720f
264,188.6152801513672,197.26039123535156,model_20210922-060329-305ab8720f-700e06c5e7,model_20210922-060329-305ab8720f
265,188.5684814453125,197.2548370361328,model_20210922-060329-305ab8720f-700e06c5e7,model_20210922-060329-305ab8720f
266,188.53448486328125,197.26185607910156,model_20210922-060329-305ab8720f-700e06c5e7,model_20210922-060329-305ab8720f
267,188.45814514160156,197.259765625,model_20210922-060329-305ab8720f-700e06c5e7,model_20210922-060329-305ab8720f
268,188.39349365234375,197.228759765625,model_20210922-060329-305ab8720f-700e06c5e7,model_20210922-060329-305ab8720f
269,188.3384552001953,197.2183380126953,model_20210922-060329-305ab8720f-700e06c5e7,model_20210922-060329-305ab8720f
270,188.3082275390625,197.2150115966797,model_20210922-060329-305ab8720f-700e06c5e7,model_20210922-060329-305ab8720f
271,188.25706481933594,197.2064208984375,model_20210922-060329-305ab8720f-700e06c5e7,model_20210922-060329-305ab8720f
272,188.2065887451172,197.19113159179688,model_20210922-060329-305ab8720f-700e06c5e7,model_20210922-060329-305ab8720f
273,188.18017578125,197.1879119873047,model_20210922-060329-305ab8720f-700e06c5e7,model_20210922-060329-305ab8720f
274,188.15170288085938,197.18382263183594,model_20210922-060329-305ab8720f-700e06c5e7,model_20210922-060329-305ab8720f
275,188.0592041015625,197.13235473632812,model_20210922-060329-305ab8720f-700e06c5e7,model_20210922-060329-305ab8720f
276,188.0305938720703,197.13096618652344,model_20210922-060329-305ab8720f-700e06c5e7,model_20210922-060329-305ab8720f
277,187.96096801757812,197.12380981445312,model_20210922-060329-305ab8720f-700e06c5e7,model_20210922-060329-305ab8720f
278,187.9217071533203,197.1134033203125,model_20210922-060329-305ab8720f-700e06c5e7,model_20210922-060329-305ab8720f
279,187.8982696533203,197.1114044189453,model_20210922-060329-305ab8720f-700e06c5e7,model_20210922-060329-305ab8720f
280,187.87490844726562,197.1046142578125,model_20210922-060329-305ab8720f-700e06c5e7,model_20210922-060329-305ab8720f
281,187.82867431640625,197.10704040527344,model_20210922-060329-305ab8720f-700e06c5e7,model_20210922-060329-305ab8720f
282,187.79965209960938,197.10073852539062,model_20210922-060329-305ab8720f-700e06c5e7,model_20210922-060329-305ab8720f
283,187.7666778564453,197.09262084960938,model_20210922-060329-305ab8720f-700e06c5e7,model_20210922-060329-305ab8720f
284,187.72496032714844,197.08445739746094,model_20210922-060329-305ab8720f-700e06c5e7,model_20210922-060329-305ab8720f
285,187.70094299316406,197.0838165283203,model_20210922-060329-305ab8720f-700e06c5e7,model_20210922-060329-305ab8720f
286,0.0,0.0,model_20210922-060329-305ab8720f-700e06c5e7,model_20210922-060329-305ab8720f
287,0.0,0.0,model_20210922-060329-305ab8720f-700e06c5e7,model_20210922-060329-305ab8720f
288,0.0,0.0,model_20210922-060329-305ab8720f-700e06c5e7,model_20210922-060329-305ab8720f
289,0.0,0.0,model_20210922-060329-305ab8720f-700e06c5e7,model_20210922-060329-305ab8720f
290,0.0,0.0,model_20210922-060329-305ab8720f-700e06c5e7,model_20210922-060329-305ab8720f
291,0.0,0.0,model_20210922-060329-305ab8720f-700e06c5e7,model_20210922-060329-305ab8720f
292,0.0,0.0,model_20210922-060329-305ab8720f-700e06c5e7,model_20210922-060329-305ab8720f
293,0.0,0.0,model_20210922-060329-305ab8720f-700e06c5e7,model_20210922-060329-305ab8720f
294,0.0,0.0,model_20210922-060329-305ab8720f-700e06c5e7,model_20210922-060329-305ab8720f
295,0.0,0.0,model_20210922-060329-305ab8720f-700e06c5e7,model_20210922-060329-305ab8720f
296,0.0,0.0,model_20210922-060329-305ab8720f-700e06c5e7,model_20210922-060329-305ab8720f
297,0.0,0.0,model_20210922-060329-305ab8720f-700e06c5e7,model_20210922-060329-305ab8720f
298,0.0,0.0,model_20210922-060329-305ab8720f-700e06c5e7,model_20210922-060329-305ab8720f
299,0.0,0.0,model_20210922-060329-305ab8720f-700e06c5e7,model_20210922-060329-305ab8720f
300,0.0,0.0,model_20210922-060329-305ab8720f-700e06c5e7,model_20210922-060329-305ab8720f
301,0.0,0.0,model_20210922-060329-305ab8720f-700e06c5e7,model_20210922-060329-305ab8720f
302,0.0,0.0,model_20210922-060329-305ab8720f-700e06c5e7,model_20210922-060329-305ab8720f
303,0.0,0.0,model_20210922-060329-305ab8720f-700e06c5e7,model_20210922-060329-305ab8720f
304,0.0,0.0,model_20210922-060329-305ab8720f-700e06c5e7,model_20210922-060329-305ab8720f
305,0.0,0.0,model_20210922-060329-305ab8720f-700e06c5e7,model_20210922-060329-305ab8720f
306,0.0,0.0,model_20210922-060329-305ab8720f-700e06c5e7,model_20210922-060329-305ab8720f
307,0.0,0.0,model_20210922-060329-305ab8720f-700e06c5e7,model_20210922-060329-305ab8720f
308,0.0,0.0,model_20210922-060329-305ab8720f-700e06c5e7,model_20210922-060329-305ab8720f
309,0.0,0.0,model_20210922-060329-305ab8720f-700e06c5e7,model_20210922-060329-305ab8720f
310,0.0,0.0,model_20210922-060329-305ab8720f-700e06c5e7,model_20210922-060329-305ab8720f
311,0.0,0.0,model_20210922-060329-305ab8720f-700e06c5e7,model_20210922-060329-305ab8720f
312,0.0,0.0,model_20210922-060329-305ab8720f-700e06c5e7,model_20210922-060329-305ab8720f
313,0.0,0.0,model_20210922-060329-305ab8720f-700e06c5e7,model_20210922-060329-305ab8720f
314,0.0,0.0,model_20210922-060329-305ab8720f-700e06c5e7,model_20210922-060329-305ab8720f
315,0.0,0.0,model_20210922-060329-305ab8720f-700e06c5e7,model_20210922-060329-305ab8720f
316,0.0,0.0,model_20210922-060329-305ab8720f-700e06c5e7,model_20210922-060329-305ab8720f
317,0.0,0.0,model_20210922-060329-305ab8720f-700e06c5e7,model_20210922-060329-305ab8720f
318,0.0,0.0,model_20210922-060329-305ab8720f-700e06c5e7,model_20210922-060329-305ab8720f
319,0.0,0.0,model_20210922-060329-305ab8720f-700e06c5e7,model_20210922-060329-305ab8720f
320,0.0,0.0,model_20210922-060329-305ab8720f-700e06c5e7,model_20210922-060329-305ab8720f
321,0.0,0.0,model_20210922-060329-305ab8720f-700e06c5e7,model_20210922-060329-305ab8720f
322,0.0,0.0,model_20210922-060329-305ab8720f-700e06c5e7,model_20210922-060329-305ab8720f
323,0.0,0.0,model_20210922-060329-305ab8720f-700e06c5e7,model_20210922-060329-305ab8720f
324,0.0,0.0,model_20210922-060329-305ab8720f-700e06c5e7,model_20210922-060329-305ab8720f
325,0.0,0.0,model_20210922-060329-305ab8720f-700e06c5e7,model_20210922-060329-305ab8720f
326,0.0,0.0,model_20210922-060329-305ab8720f-700e06c5e7,model_20210922-060329-305ab8720f
327,0.0,0.0,model_20210922-060329-305ab8720f-700e06c5e7,model_20210922-060329-305ab8720f
328,0.0,0.0,model_20210922-060329-305ab8720f-700e06c5e7,model_20210922-060329-305ab8720f
329,0.0,0.0,model_20210922-060329-305ab8720f-700e06c5e7,model_20210922-060329-305ab8720f
330,0.0,0.0,model_20210922-060329-305ab8720f-700e06c5e7,model_20210922-060329-305ab8720f
331,0.0,0.0,model_20210922-060329-305ab8720f-700e06c5e7,model_20210922-060329-305ab8720f
332,0.0,0.0,model_20210922-060329-305ab8720f-700e06c5e7,model_20210922-060329-305ab8720f
333,0.0,0.0,model_20210922-060329-305ab8720f-700e06c5e7,model_20210922-060329-305ab8720f
334,0.0,0.0,model_20210922-060329-305ab8720f-700e06c5e7,model_20210922-060329-305ab8720f
335,0.0,0.0,model_20210922-060329-305ab8720f-700e06c5e7,model_20210922-060329-305ab8720f
336,0.0,0.0,model_20210922-060329-305ab8720f-700e06c5e7,model_20210922-060329-305ab8720f
337,0.0,0.0,model_20210922-060329-305ab8720f-700e06c5e7,model_20210922-060329-305ab8720f
338,0.0,0.0,model_20210922-060329-305ab8720f-700e06c5e7,model_20210922-060329-305ab8720f
339,0.0,0.0,model_20210922-060329-305ab8720f-700e06c5e7,model_20210922-060329-305ab8720f
340,0.0,0.0,model_20210922-060329-305ab8720f-700e06c5e7,model_20210922-060329-305ab8720f
341,0.0,0.0,model_20210922-060329-305ab8720f-700e06c5e7,model_20210922-060329-305ab8720f
342,0.0,0.0,model_20210922-060329-305ab8720f-700e06c5e7,model_20210922-060329-305ab8720f
343,0.0,0.0,model_20210922-060329-305ab8720f-700e06c5e7,model_20210922-060329-305ab8720f
344,0.0,0.0,model_20210922-060329-305ab8720f-700e06c5e7,model_20210922-060329-305ab8720f
345,0.0,0.0,model_20210922-060329-305ab8720f-700e06c5e7,model_20210922-060329-305ab8720f
346,0.0,0.0,model_20210922-060329-305ab8720f-700e06c5e7,model_20210922-060329-305ab8720f
347,0.0,0.0,model_20210922-060329-305ab8720f-700e06c5e7,model_20210922-060329-305ab8720f
348,0.0,0.0,model_20210922-060329-305ab8720f-700e06c5e7,model_20210922-060329-305ab8720f
349,0.0,0.0,model_20210922-060329-305ab8720f-700e06c5e7,model_20210922-060329-305ab8720f
350,0.0,0.0,model_20210922-060329-305ab8720f-700e06c5e7,model_20210922-060329-305ab8720f
351,0.0,0.0,model_20210922-060329-305ab8720f-700e06c5e7,model_20210922-060329-305ab8720f
352,0.0,0.0,model_20210922-060329-305ab8720f-700e06c5e7,model_20210922-060329-305ab8720f
353,0.0,0.0,model_20210922-060329-305ab8720f-700e06c5e7,model_20210922-060329-305ab8720f
354,0.0,0.0,model_20210922-060329-305ab8720f-700e06c5e7,model_20210922-060329-305ab8720f
355,0.0,0.0,model_20210922-060329-305ab8720f-700e06c5e7,model_20210922-060329-305ab8720f
356,0.0,0.0,model_20210922-060329-305ab8720f-700e06c5e7,model_20210922-060329-305ab8720f
357,0.0,0.0,model_20210922-060329-305ab8720f-700e06c5e7,model_20210922-060329-305ab8720f
358,0.0,0.0,model_20210922-060329-305ab8720f-700e06c5e7,model_20210922-060329-305ab8720f
359,0.0,0.0,model_20210922-060329-305ab8720f-700e06c5e7,model_20210922-060329-305ab8720f
360,0.0,0.0,model_20210922-060329-305ab8720f-700e06c5e7,model_20210922-060329-305ab8720f
361,0.0,0.0,model_20210922-060329-305ab8720f-700e06c5e7,model_20210922-060329-305ab8720f
362,0.0,0.0,model_20210922-060329-305ab8720f-700e06c5e7,model_20210922-060329-305ab8720f
363,0.0,0.0,model_20210922-060329-305ab8720f-700e06c5e7,model_20210922-060329-305ab8720f
364,0.0,0.0,model_20210922-060329-305ab8720f-700e06c5e7,model_20210922-060329-305ab8720f
365,0.0,0.0,model_20210922-060329-305ab8720f-700e06c5e7,model_20210922-060329-305ab8720f
366,0.0,0.0,model_20210922-060329-305ab8720f-700e06c5e7,model_20210922-060329-305ab8720f
367,0.0,0.0,model_20210922-060329-305ab8720f-700e06c5e7,model_20210922-060329-305ab8720f
368,0.0,0.0,model_20210922-060329-305ab8720f-700e06c5e7,model_20210922-060329-305ab8720f
369,0.0,0.0,model_20210922-060329-305ab8720f-700e06c5e7,model_20210922-060329-305ab8720f
370,0.0,0.0,model_20210922-060329-305ab8720f-700e06c5e7,model_20210922-060329-305ab8720f
371,0.0,0.0,model_20210922-060329-305ab8720f-700e06c5e7,model_20210922-060329-305ab8720f
372,0.0,0.0,model_20210922-060329-305ab8720f-700e06c5e7,model_20210922-060329-305ab8720f
373,0.0,0.0,model_20210922-060329-305ab8720f-700e06c5e7,model_20210922-060329-305ab8720f
374,0.0,0.0,model_20210922-060329-305ab8720f-700e06c5e7,model_20210922-060329-305ab8720f
375,0.0,0.0,model_20210922-060329-305ab8720f-700e06c5e7,model_20210922-060329-305ab8720f
376,0.0,0.0,model_20210922-060329-305ab8720f-700e06c5e7,model_20210922-060329-305ab8720f
377,0.0,0.0,model_20210922-060329-305ab8720f-700e06c5e7,model_20210922-060329-305ab8720f
378,0.0,0.0,model_20210922-060329-305ab8720f-700e06c5e7,model_20210922-060329-305ab8720f
379,0.0,0.0,model_20210922-060329-305ab8720f-700e06c5e7,model_20210922-060329-305ab8720f
380,0.0,0.0,model_20210922-060329-305ab8720f-700e06c5e7,model_20210922-060329-305ab8720f
381,0.0,0.0,model_20210922-060329-305ab8720f-700e06c5e7,model_20210922-060329-305ab8720f
382,0.0,0.0,model_20210922-060329-305ab8720f-700e06c5e7,model_20210922-060329-305ab8720f
383,0.0,0.0,model_20210922-060329-305ab8720f-700e06c5e7,model_20210922-060329-305ab8720f
384,0.0,0.0,model_20210922-060329-305ab8720f-700e06c5e7,model_20210922-060329-305ab8720f
385,0.0,0.0,model_20210922-060329-305ab8720f-700e06c5e7,model_20210922-060329-305ab8720f
386,0.0,0.0,model_20210922-060329-305ab8720f-700e06c5e7,model_20210922-060329-305ab8720f
387,0.0,0.0,model_20210922-060329-305ab8720f-700e06c5e7,model_20210922-060329-305ab8720f
388,0.0,0.0,model_20210922-060329-305ab8720f-700e06c5e7,model_20210922-060329-305ab8720f
389,0.0,0.0,model_20210922-060329-305ab8720f-700e06c5e7,model_20210922-060329-305ab8720f
390,0.0,0.0,model_20210922-060329-305ab8720f-700e06c5e7,model_20210922-060329-305ab8720f
391,0.0,0.0,model_20210922-060329-305ab8720f-700e06c5e7,model_20210922-060329-305ab8720f
392,0.0,0.0,model_20210922-060329-305ab8720f-700e06c5e7,model_20210922-060329-305ab8720f
393,0.0,0.0,model_20210922-060329-305ab8720f-700e06c5e7,model_20210922-060329-305ab8720f
394,0.0,0.0,model_20210922-060329-305ab8720f-700e06c5e7,model_20210922-060329-305ab8720f
395,0.0,0.0,model_20210922-060329-305ab8720f-700e06c5e7,model_20210922-060329-305ab8720f
396,0.0,0.0,model_20210922-060329-305ab8720f-700e06c5e7,model_20210922-060329-305ab8720f
397,0.0,0.0,model_20210922-060329-305ab8720f-700e06c5e7,model_20210922-060329-305ab8720f
398,0.0,0.0,model_20210922-060329-305ab8720f-700e06c5e7,model_20210922-060329-305ab8720f
